5825.423
6900.239
1998.7410000000002
3057.2129999999997
4111.262
5150.54
6192.828
7249.158
2241.755
3292.2259999999997
4345.916
5382.513
6427.780000000001
1411.128
2445.598
3489.9770000000003
4537.982
5585.793
6639.966
1641.488
2695.021
3728.0730000000003
4770.733
5817.548000000001
6863.174
1858.746
2899.693
3938.4790000000003
4991.05
6038.331
7082.290000000001
2086.6090000000004
3120.7110000000002
4186.737
5234.223
6278.9890000000005
1265.403
2314.959
3365.143
4409.51
5454.778
6504.031
1503.628
2554.196
3597.971
4643.7480000000005
5683.456999999999
6729.436
1741.212
2774.23
3823.683
4866.749000000001
5901.513
6953.931
1944.8600000000001
3000.689
4048.9579999999996
5085.456
6129.133000000001
7167.617
2159.051
3190.136
4237.8150000000005
5285.156
6326.121
1312.849
2367.659
3417.597
4449.525000000001
5499.961
6549.22
1540.469
2585.422
3623.085
4659.589999999999
5709.183999999999
6749.918
1739.5910000000001
2792.064
3839.6119999999996
4874.1089999999995
5903.338
6934.851
1933.817
2982.22
4027.43
5083.389
6131.058
7173.356
2174.4970000000003
3216.229
4259.6410000000005
5310.476000000001
6347.329000000001
1343.762
2388.2
3422.7690000000002
4469.3240000000005
5515.3
6564.456
1558.983
2607.344
3646.7529999999997
4695.987999999999
5744.617
6790.4710000000005
1799.555
2852.27
3899.269
4934.077
5981.646
7030.0289999999995
2013.1519999999998
3055.708
4107.321
5144.307000000001
6188.754999999999
1184.384
2228.806
3273.292
4309.151
5346.437
6393.679
1377.138
2410.459
3442.583
4483.3
5528.949
6564.262000000001
1550.512
2588.19
3619.2479999999996
4663.033
5700.315
6737.982
1734.893
2784.679
3818.901
4850.844999999999
5895.852
6940.606
1934.415
2979.491
4028.9049999999997
5068.106
6113.268
7149.195
2155.862
3195.873
4232.323
5271.8730000000005
6318.9890000000005
1309.8829999999998
2344.786
3386.9829999999997
4428.046
5468.004
6504.446
1495.7050000000002
2542.9849999999997
3586.148
4633.1990000000005
5680.029
6727.840999999999
1727.027
2771.186
3818.677
4870.641
5917.504
6950.898999999999
1957.86
3000.916
4048.1639999999998
5095.65
6207.979
7250.061
2253.8849999999998
3290.5350000000003
4324.453
5364.504
6414.759
1423.448
2474.535
3519.447
4563.057
5612.632
6651.357
1652.384
2690.394
3738.053
4785.255
5836.452
6895.803
1903.332
2937.978
3981.125
5020.84
6071.874
7115.337
2128.491
3173.8970000000004
4219.89
5269.3
6315.99
1300.904
2348.401
3386.596
4429.915
5479.195
6530.9400000000005
1530.23
2569.455
3617.601
4649.612
5689.536999999999
6724.135
1706.883
2743.493
3794.143
4830.936000000001
5882.044
6932.251
1924.044
2961.169
4008.4429999999998
5060.5830000000005
6106.585
7143.349
2156.045
3207.367
4253.798
5301.523
6352.823
1328.51
2376.202
3416.441
4452.7570000000005
5497.658
6534.411999999999
1525.741
2573.9429999999998
3613.14
4663.983
5699.214
6742.802000000001
1718.653
2760.726
3811.174
4857.700000000001
5909.597
6957.675
1965.193
3009.914
4061.447
5101.023999999999
6139.213
7179.78
2171.206
3217.48
4264.67
5300.215999999999
6349.822999999999
1333.222
2373.295
3422.993
4472.716
5522.888
6572.001
1567.8229999999999
2617.5229999999997
3664.583
4712.078
5745.607
6791.316
1785.304
2819.704
3865.3379999999997
4912.54
5958.789000000001
6994.004
1980.123
3021.704
4055.115
5099.532
6132.737
7171.04
2176.602
3211.694
4254.86
5300.334000000001
6348.518999999999
1339.161
2387.2960000000003
3433.6730000000002
4482.8330000000005
5523.151000000001
6568.162
1567.4950000000001
2603.2419999999997
3651.296
4702.883
5742.1410000000005
6793.574
1799.981
2835.272
3881.079
4921.415
5967.631
7017.2699999999995
2026.5939999999998
3061.55
4092.6150000000002
5131.299
6177.241999999999
7220.396
2231.6980000000003
3284.522
4331.65
5366.582
6418.241
1397.916
2429.431
3476.001
4510.191
5554.276
6604.091
1595.231
2637.833
3683.599
4729.058
5770.719
6821.590999999999
1873.679
2928.744
3976.8759999999997
5024.278
6097.568
7146.589
2145.895
3195.9719999999998
4249.039
5301.1410000000005
6357.4890000000005
1345.415
2413.469
3471.18
4521.99
5573.148
6616.444
1591.983
2632.087
3675.58
4712.920999999999
5748.954000000001
6796.528
1773.2540000000001
2822.355
3871.589
4920.982999999999
5965.802
7008.601
2007.1750000000002
3045.402
