4312.4710000000005
5353.303000000001
6403.914000000001
1409.143
2547.1349999999998
3619.837
3910.627
4663.856
4952.943
5709.193
5992.603
6756.671
7032.149
1749.314
2052.917
2069.787
2790.862
3095.2419999999997
3107.864
3827.604
4144.772
4147.2480000000005
4875.277
5195.718
5198.397
5977.0599999999995
6034.571
6246.51
6251.472
7029.33
7087.567
7359.573
7360.635
2060.796
2102.614
2385.797
2385.84
3110.0840000000003
3144.496
3436.0170000000003
3440.7070000000003
4166.739
4202.117
4507.259999999999
4511.636
4814.002
5218.345
5256.3009999999995
5606.226000000001
5609.345
5860.393
6267.0830000000005
6292.828
6651.306
6656.28
6896.537
1278.229
1306.5059999999999
1674.825
1676.577
1897.992
2316.809
2342.955
2777.8779999999997
2778.338
2845.715
2957.721
3359.106
3384.882
3833.552
3835.238
3939.938
3995.19
4405.402
4427.188
4887.627
4891.031
4981.0509999999995
5033.736
5443.23
5462.701
5936.785000000001
5938.348
6024.188999999999
6074.138
6522.467
6522.567
6774.224
6985.035
6988.759
7079.011
7115.821999999999
1547.058
1546.731
1779.675
2190.8120000000004
2202.06
2205.155
2225.872
2601.368
2600.8450000000003
2826.281
3244.6839999999997
3257.5750000000003
3269.58
3279.261
3654.699
3659.321
3864.03
4296.0960000000005
4318.04
4329.161
4331.857
4710.0650000000005
4711.184
4896.110000000001
5195.451
5380.778
5409.352
5439.427000000001
5446.588000000001
5759.119
5762.352
5954.967
6242.015
6454.851
6461.093
6486.569
6503.526
6807.896000000001
6810.32
7007.474
1212.21
1449.1080000000002
1448.146
1477.485
1483.068
1802.8919999999998
1805.598
1988.376
2258.3669999999997
2486.295
2489.9269999999997
2522.1710000000003
2527.3430000000003
2840.938
2843.333
3038.786
3051.9599999999996
3296.7149999999997
3564.861
3567.294
3597.167
3598.068
3881.92
3886.1409999999996
4079.853
4088.5360000000005
4370.4130000000005
4609.361
4608.329000000001
4639.889
4641.139
4927.328
4928.668
5119.923
5129.793000000001
5404.722
5650.59
5651.147
5680.264
5681.436
5969.732
5970.397
6156.442
6172.232
6436.049
6691.933
6695.835
6724.484
6727.284
7020.085
7026.849999999999
7243.743
7248.174
1434.599
1513.104
1706.24
1719.757
1744.575
1747.492
2039.8070000000002
2039.8290000000002
2252.0829999999996
2254.129
2479.158
2550.647
2771.452
2775.836
2786.562
2791.811
3086.845
3091.637
3295.312
3295.893
3519.419
3578.906
3835.005
3840.124
3841.824
3842.984
4143.651
4143.361
4335.62
4339.034
4549.462
4610.967
4899.786
4899.7080000000005
4903.942
4902.478
5198.286999999999
5198.521000000001
5393.125999999999
5393.514
5583.2519999999995
5642.103999999999
5987.059
5988.763
5988.837
5998.461
6250.208
6255.249
6442.468
6446.013
6623.48
6674.826999999999
7057.1669999999995
7058.371
7060.34
7069.513
1244.337
1245.858
1433.16
1434.7160000000001
1611.206
1651.547
2062.9010000000003
2064.535
2066.606
2065.237
2295.5589999999997
2296.058
2485.971
2485.5429999999997
2657.1319999999996
2681.535
3126.678
3129.344
3133.1699999999996
3135.3979999999997
3346.277
3346.695
3533.286
3533.577
3707.665
3716.567
4187.309
4194.5509999999995
4200.772
4202.217
4383.911
4386.262000000001
4570.5289999999995
4571.695
4753.236
4752.716
5235.164
5252.88
5258.4039999999995
5258.6810000000005
5426.227
5426.498
5627.371
5627.948
5802.771
5806.568
6297.512000000001
6310.269
6312.426
6317.235000000001
6469.066
6469.528
6680.235
6682.428
6847.623
6849.447999999999
1292.018
1313.6509999999998
1317.894
1317.329
1453.827
1456.634
1683.739
1683.35
1842.122
1843.6200000000001
2324.3230000000003
2366.144
2366.3599999999997
2372.717
2498.431
2501.6099999999997
2728.7050000000004
2730.01
2987.469
2988.451
3361.132
3416.376
3419.355
3424.323
3555.793
3560.904
3781.0350000000003
3783.722
4071.9709999999995
4073.518
4408.179999999999
4527.635
4530.816
4539.293
4610.278
4615.595
4828.612999999999
4831.268
5128.018
5129.585
5453.8099999999995
5581.149
5581.298000000001
5591.96
5661.174
5660.653
5873.764
6192.049
6196.411
6503.472000000001
6629.005
6634.325
6635.598
6700.796
6701.277
6906.912
1196.077
1197.306
1532.152
1640.441
1648.141
1649.453
1698.38
1699.373
1906.457
2245.791
2247.042
2579.922
2677.994
2695.64
2695.776
2734.08
2740.094
2940.131
3287.424
3288.8920000000003
3627.868
3727.7529999999997
3741.3720000000003
3742.1319999999996
3774.917
3780.036
3977.1969999999997
4340.429
4342.146
4673.677
4768.617
4779.2300000000005
4780.692
4804.973
4810.126
5017.494
5382.406
5385.012
5717.919
5812.0830000000005
5819.541
5831.647
5851.245
5852.818
6069.002
6423.36
6424.757
6766.316
6858.273999999999
6860.196
6868.3730000000005
6888.355
6890.552
7103.83
1414.138
1414.396
1772.229
1870.156
1884.8259999999998
1889.039
1902.586
1903.7440000000001
2084.986
2451.0499999999997
2450.828
2819.607
2925.7200000000003
2942.442
2948.3630000000003
2964.306
2963.8810000000003
3117.27
3497.885
3501.0629999999996
3872.6699999999996
3969.396
3984.339
3990.609
4001.7599999999998
4007.0490000000004
4146.886
4545.054
4546.485
4915.822999999999
5009.678
5034.018
5038.591
5055.311
5059.567
5176.160000000001
5595.076
5594.331999999999
5956.329000000001
6050.417
6068.438
6070.925
6091.299
6094.731000000001
6222.247
6637.053
6633.985
6999.218
7084.655
7151.149
7161.687
7182.317
7185.202
7266.842
1658.7289999999998
1659.686
2014.7560000000003
2086.468
2157.8689999999997
2167.984
2192.685
2195.088
2267.8250000000003
2720.3149999999996
2724.294
3054.178
3119.7509999999997
3195.875
3207.26
3238.774
3240.468
3298.961
3769.913
3769.406
4090.8269999999998
4151.225
4225.986
4241.332
4277.111
4277.736
4327.9220000000005
4817.683
4819.722
5140.864
5196.4800000000005
5264.161
5278.386
5322.0289999999995
5321.468999999999
5356.225
5860.648
5862.064
6190.64
6226.312
6293.654
6304.862
6357.941000000001
6360.4310000000005
6384.893
6916.461
6919.1669999999995
7232.075
7265.231
1300.136
1314.4640000000002
1367.956
1369.163
1391.042
1934.174
1933.929
2245.01
2263.423
2337.911
2347.8650000000002
2405.535
2406.629
2425.169
2998.3360000000002
2999.114
3292.962
3302.355
3371.45
3378.181
3441.672
3442.72
3457.817
4071.289
4073.2439999999997
4353.686
4350.04
4431.132
4431.447
4489.8189999999995
4493.881
4505.46
5138.679
5138.464
5420.666
5422.435
5487.804
5491.401
5561.496
5565.231
5574.5
6198.902
6199.755
6484.735
6486.087
6535.371999999999
6535.9800000000005
6620.363
6645.477
6655.103
7267.309
7274.151
1478.207
1479.925
1527.582
1527.979
1619.421
1648.708
1655.825
2262.3799999999997
2268.2329999999997
2527.605
2530.363
2565.254
2565.509
2651.494
2683.9919999999997
2695.589
3294.2599999999998
3297.933
3578.127
3577.411
3603.587
3606.502
3683.468
3712.422
3729.369
4343.802000000001
4344.693
4644.575
4646.320000000001
4659.4
4660.798
4713.423
4742.14
4760.802
5385.058
5385.531
5719.144
5725.422
5723.733
5724.939
5749.269
5773.72
5791.5830000000005
6434.488
6437.842
6792.531
6797.173
6805.028
6809.495
6815.058
6824.858
6830.147
1438.8039999999999
1438.8300000000002
1816.0529999999999
1826.67
1841.296
1840.616
1844.4560000000001
1851.899
1863.798
2478.308
2481.136
2864.518
2881.6929999999998
2908.92
2911.031
2917.777
2926.514
2928.962
3530.723
3532.73
3911.608
3917.98
3959.782
3961.767
3972.419
3978.113
3979.421
4579.784
4580.208
4959.194
4960.884
5015.424
5023.242
5036.420999999999
5040.932
5042.81
5625.673
5629.041
6000.211
6003.343
6059.892
6096.048
6109.316
6111.243
6111.736
6674.43
6675.84
7078.4130000000005
7076.994
7100.083
7135.807
7172.883
7178.981000000001
7178.075
1699.79
1706.0049999999999
2080.288
2081.7960000000003
2094.1299999999997
2127.189
2177.3959999999997
2186.566
2188.1949999999997
2753.275
2756.097
3123.0570000000002
3125.7999999999997
3138.914
3157.036
3227.405
3238.074
3238.207
3806.125
3806.5370000000003
4191.519
4198.101000000001
4201.145
4206.638
4270.06
4282.799
4285.875
4860.327
4862.429
5252.951
5259.607
5262.07
5267.155
5300.799
5319.413
5320.5
5910.885
5913.216
6327.304
6341.506
6369.309
6386.246
6398.27
6404.670999999999
6408.201
6964.094
6967.647999999999
1374.478
1388.34
1392.4270000000001
1423.281
1425.9170000000001
1437.139
1437.316
1962.901
1963.2849999999999
2453.393
2497.764
2503.116
2523.824
2524.548
2528.872
2528.636
3005.903
3008.259
3516.1600000000003
3572.5750000000003
3571.953
3604.611
3607.64
3615.042
3625.619
4055.652
4056.7859999999996
4571.759
4609.924999999999
4611.334
4642.606
4672.462
4677.364
4684.121
5098.328
5098.914
5617.657999999999
5654.291
5657.522
5684.789000000001
5728.348000000001
5765.742
5783.148999999999
6135.204
6136.358
6665.538
6692.828
6694.6539999999995
6715.763
6817.472000000001
6821.004
6837.924
7183.168000000001
7185.504
1675.865
1693.576
1693.394
1707.908
1818.489
1818.2849999999999
1833.029
2201.1530000000002
2200.56
2736.011
2753.437
2766.23
2767.478
2860.3269999999998
2862.1850000000004
2874.31
3248.67
3250.651
3804.491
3806.029
3813.203
3819.507
3901.2129999999997
3901.217
3906.2980000000002
4289.823
4292.576999999999
4861.912
4873.3550000000005
4876.210999999999
4877.628
4951.627
4956.16
4958.901
5344.553999999999
5346.491
5914.51
5927.794
5930.087
5931.256
5999.961
6000.162
6001.65
6388.1810000000005
6387.67
6944.246
6973.248
6974.166
6976.412
7047.522
7049.031
7051.952
1338.811
1343.74
1933.6789999999999
1956.9319999999998
1963.904
1965.165
2012.148
2011.2299999999998
2013.6630000000002
2400.728
2400.4120000000003
2985.128
3013.882
3026.38
3031.379
3102.726
3106.141
3108.843
3449.9339999999997
3449.783
4023.9200000000005
4074.347
4087.185
4086.8830000000003
4158.157
4164.182000000001
4166.366
4493.986
4494.079
5076.240000000001
5115.26
5126.264
5127.8949999999995
5209.677
5212.902
5216.399
5543.806
5543.832
6121.813
6156.049
6171.635
6173.773999999999
6265.25
6274.880999999999
6277.931
6593.746
6597.204
7166.058999999999
7193.5289999999995
7232.208
7235.514
1270.4299999999998
1282.053
1283.5970000000002
1590.3339999999998
1591.561
2158.5299999999997
2181.095
2226.195
2226.493
2313.6040000000003
2332.259
2331.365
2641.188
2641.3579999999997
3210.174
3220.84
3295.468
3296.837
3347.67
3372.1169999999997
3371.679
3690.997
3694.594
4257.963
4268.066
4350.678
4352.6410000000005
4397.47
4429.443
4429.835
4759.025000000001
4760.363
5325.054
5326.6669999999995
5419.695
5420.702
5454.491
5484.235
5491.544
5827.546
5829.114
6439.612999999999
6440.1849999999995
6516.2880000000005
6536.103
6568.235
6586.842
6587.129
6901.2789999999995
6923.83
1474.99
1475.527
1531.78
1558.403
1605.507
1616.685
1619.613
1895.469
1911.701
2522.3309999999997
2524.934
2570.73
2601.891
2667.2639999999997
2685.8650000000002
2685.602
2956.29
2972.9649999999997
3577.4689999999996
3578.0699999999997
3607.048
3638.9170000000004
3718.9939999999997
3743.577
3745.7470000000003
4014.1850000000004
4016.464
4634.915999999999
4634.794
4644.608
4668.431
4755.6849999999995
4785.715999999999
4790.655
5075.695
5077.921
5747.0509999999995
5757.476
5762.1140000000005
5766.581
5790.312
5827.817
5827.618
6115.692
6122.058
6818.812999999999
6824.041
6827.734
6828.5070000000005
6841.014999999999
6861.842000000001
6863.037
7165.019
7181.932
1866.0520000000001
1867.567
1873.76
1880.2559999999999
1884.1319999999998
1891.117
1894.229
2189.9809999999998
2193.817
2922.21
2929.3469999999998
2941.7110000000002
2961.646
2960.444
2963.731
2964.52
3229.114
3231.737
3964.516
3965.208
3976.078
4010.033
4012.687
4017.2860000000005
4019.1600000000003
4278.544
4278.726
5023.888999999999
5031.841
5034.265
5092.579
5095.149
5097.428
5099.349
5322.188
5323.678
6094.821
6103.258000000001
6104.5689999999995
6151.283
6162.036
6161.871999999999
6163.915
6358.988
6358.9130000000005
7134.996
7156.55
7160.5
7219.109
7218.339
7233.07
7236.327
1355.525
1357.885
2150.531
2171.2129999999997
2173.531
2233.441
2240.354
2255.415
2257.237
2388.8959999999997
2392.223
3208.424
3215.821
3219.29
3268.526
3281.964
3297.053
3296.8269999999998
3424.261
3425.6310000000003
4268.954
4269.424
4272.402
4304.198
4316.662
4341.637000000001
4343.284
4464.639
4465.329
5318.765
5320.871999999999
5320.63
5341.633
5350.678
5378.181
5379.564
5499.015
5500.195
6382.586
6394.704
6394.618
6408.7480000000005
6410.186000000001
6422.101
6427.285000000001
6538.331999999999
6537.978
1370.367
1391.2469999999998
1407.74
1415.874
1428.0949999999998
1433.313
1434.528
1515.924
1516.34
2423.724
2439.106
2448.73
2462.1940000000004
2476.2149999999997
2487.143
2488.2599999999998
2556.192
2558.89
3467.706
3482.244
3505.456
3517.088
3539.746
3545.908
3545.697
3597.853
3599.862
4507.621
4518.513
4539.526000000001
4551.68
4598.290000000001
4606.305
4698.0
4747.305
4746.660000000001
5560.745
5561.781
5576.498
5587.256
5725.086
5739.548
5749.073
5783.181
5783.36
6617.633
6630.874000000001
6630.132
6636.126
6763.447
6773.746
6783.429
6811.724
6814.653
1602.0829999999999
1616.2939999999999
1618.825
1618.568
1750.231
1752.82
1764.68
1789.791
1793.018
2665.3190000000004
2681.797
2682.703
2687.11
2801.974
2808.279
2812.952
2837.251
2837.032
3735.976
3737.492
3738.5739999999996
3743.974
3843.388
3852.832
3855.448
3875.3540000000003
3874.9889999999996
4785.809
4794.803
4798.996
4801.556
4893.236
4910.806
4911.746
4926.202
4929.111
5844.312000000001
5853.722000000001
5855.234
5858.844999999999
5928.821
5952.308999999999
5955.034000000001
5970.182000000001
5973.339
6908.763000000001
6919.087
6920.911
6923.853
6955.705
6998.9220000000005
7004.068
7020.171
7026.7390000000005
1940.629
1967.4080000000001
1971.336
1980.1779999999999
1984.566
2019.7569999999998
2030.332
2071.715
2072.905
2992.346
3073.5969999999998
3103.8700000000003
3124.99
3132.3669999999997
3165.526
3205.288
3209.5660000000003
3214.0620000000004
4053.6969999999997
4125.880999999999
4145.96
4185.759
4206.092
4226.615
4282.476
4291.582
4295.941
5102.192999999999
5180.2970000000005
5196.4980000000005
5231.523
5255.6089999999995
5275.629999999999
5342.317
5356.603
5360.26
6148.581
6228.385
6243.236
6278.919
6299.7519999999995
6315.9130000000005
6398.531
6414.689
6417.906999999999
7193.981
7272.647
1245.2289999999998
1283.419
1307.43
1323.606
1417.06
1430.302
1433.6979999999999
2215.816
2274.8520000000003
2293.282
2339.9339999999997
2370.715
2379.452
2478.968
2492.322
2499.835
3245.513
3309.46
3327.648
3375.868
3405.444
3415.828
3520.768
3537.69
3540.906
4287.051
4340.51
4359.496
4403.234
4436.388
4447.688999999999
4559.001
4577.616
4581.070000000001
5323.87
5376.749
5390.04
5435.532
5474.615
5486.547
5589.068
5610.3009999999995
5611.927
6359.575000000001
6420.956
6433.3679999999995
6581.005
6637.726
6637.524
6655.8820000000005
6665.924999999999
6667.516
1343.149
1403.5310000000002
1413.472
1592.449
1624.6989999999998
1626.1019999999999
1643.9060000000002
1657.154
1658.13
2390.1150000000002
2438.986
2444.043
2640.3940000000002
2661.084
2660.7780000000002
2675.964
2689.892
2691.9300000000003
3439.661
3470.0299999999997
3475.424
3675.52
3708.413
3711.891
3728.979
3739.582
3740.97
4489.826
4508.105
4512.264
4721.343
4746.288
4748.494
4767.952
4779.781
4781.293
5561.126
5567.4619999999995
5571.8730000000005
5756.538
5791.585
5793.729
5817.329
5829.687
5829.558
6619.335999999999
6622.039
6623.264
6801.96
6833.885
6835.410000000001
6856.106
6872.5199999999995
6872.446
1609.24
1609.3919999999998
1829.515
1854.5510000000002
1859.808
1875.174
1887.401
1888.46
2662.445
2663.4289999999996
2871.562
2904.152
2907.323
2929.1079999999997
2941.793
2944.147
3712.37
3714.132
3917.0370000000003
3947.9950000000003
3947.946
3975.003
3991.92
3992.34
4762.312
4767.483
4952.437
4985.164
4989.695000000001
5008.717
5032.909
5034.847
5821.469999999999
5825.679
5999.145
6027.87
6027.821999999999
6045.369
6069.255
6073.422
6878.797
6881.879
7048.556
7078.750999999999
7093.539
7111.371
7124.532999999999
7132.121
1890.419
1890.457
2051.5119999999997
2077.76
2088.142
2102.456
2120.721
2128.7729999999997
2940.964
2942.165
3094.757
3109.266
3120.977
3132.621
3148.884
3159.5589999999997
4138.345
4153.522
4197.6449999999995
4212.174
4220.937
4221.392
4225.551
4229.374
5170.944
5186.758
5231.674
5265.791
5281.8820000000005
5292.221
5301.997
5301.763
6222.58
6229.822999999999
6261.504999999999
6294.705000000001
6313.688
6343.235
6363.215
6369.147
1227.221
1229.3110000000001
1254.269
1285.571
1309.31
1340.395
1366.722
1377.6470000000002
2262.457
2261.4010000000003
2285.3340000000003
2315.195
2338.451
2368.3329999999996
2400.1220000000003
2410.495
3413.768
3435.93
3466.538
3481.87
3489.915
3495.0739999999996
3497.859
4496.296
4500.307000000001
4519.452
4545.2570000000005
4559.67
4561.495
4562.8679999999995
5537.884
5540.672
5557.919
5588.07
5611.137000000001
5614.652
5619.369
6589.877
6603.573
6615.708
6631.445000000001
6662.3330000000005
6673.018
6677.702
1610.6480000000001
1623.6999999999998
1625.924
1638.5320000000002
1661.4089999999999
1677.3990000000001
1678.136
2675.3070000000002
2694.56
2701.08
2716.219
2747.48
2760.973
2765.101
3729.0260000000003
3744.373
3757.425
3765.7729999999997
3782.725
3800.7529999999997
3800.23
4792.1449999999995
4797.062000000001
4810.271000000001
4816.2919999999995
4832.442
4846.762
4848.503
5860.354
5874.112
5883.906
5888.277999999999
5902.197
5914.1
6917.892
6938.469999999999
6943.6140000000005
6951.722
6960.3640000000005
6967.812
1927.53
1963.184
1986.133
1988.8609999999999
1993.4289999999999
1994.219
2976.554
2995.737
3042.16
3058.0699999999997
3057.386
3061.275
4026.2729999999997
4046.7570000000005
4087.853
4109.586
4118.58
4123.921
5063.16
5079.929
5120.269
5153.937
5166.6990000000005
5170.187
6111.575
6126.636
6165.36
6211.308
6228.478
6232.709
7162.308999999999
7185.278
7220.096
7283.25
7307.006
7308.012
2184.9539999999997
2196.7729999999997
2226.3269999999998
2289.208
2325.472
2326.378
3222.773
3230.1839999999997
3259.696
3321.2419999999997
3363.866
3365.289
4271.941
4274.972
4291.762000000001
4348.947
4398.237
4399.017
5339.293
5340.893999999999
5341.179
5376.892
5434.7609999999995
5438.225
6409.593
6415.872
6416.915999999999
6428.353999999999
6473.971
6475.865
1429.231
1428.888
1431.889
1433.209
1457.288
1458.8380000000002
2502.895
2511.939
2515.378
2519.185
2520.004
2520.4990000000003
3576.5
3581.61
3598.836
3602.8889999999997
3604.429
3607.333
4629.446
4715.1269999999995
4730.216
4737.408
4739.834
4747.864
5667.557000000001
5752.170999999999
5788.427000000001
5797.53
5799.750999999999
5801.651
6707.408
6787.575000000001
6830.756
6852.093
6856.335
6860.774
1710.384
1786.4370000000001
1828.6070000000002
1862.5430000000001
1863.964
2766.937
2823.915
2870.287
2912.149
2914.27
3811.722
3857.763
3907.239
3956.589
3958.191
4851.322999999999
4895.754
4944.718
5005.651
5009.3189999999995
5897.191000000001
5926.872
5973.588000000001
6044.477
6045.16
6943.309
6954.193
6999.815
7088.921
7090.584
1943.777
1953.1689999999999
1999.583
2092.078
2093.415
2999.182
2999.822
3044.173
3136.315
3139.0609999999997
4077.9610000000002
4078.709
4087.282
4171.384
4172.735000000001
5130.579
5133.905000000001
5134.76
5204.476
5207.172
6192.125
6193.791
6194.678
6234.116
6236.04
7250.651000000001
1220.855
7257.183999999999
1244.207
1246.99
2293.8849999999998
2294.152
2309.3089999999997
2311.105
2316.7309999999998
3374.964
3384.255
3385.557
3388.7580000000003
4438.032
4448.2119999999995
4450.255
4458.018
5508.021000000001
5513.3279999999995
5522.673
5525.485
6573.943
6582.741
6587.976000000001
6590.275000000001
1568.692
1584.983
1594.7340000000002
1597.106
2618.455
2655.019
2657.6870000000004
2657.2749999999996
3668.852
3699.7819999999997
3701.139
3703.266
4712.993
4742.305
4748.422
5763.146
5780.973
5780.987999999999
6800.946
6824.21
6826.851
1799.8890000000001
1814.109
1815.791
2856.062
2866.017
2869.178
3904.88
3918.285
3921.541
4969.742
4972.608
4972.536
6057.145
6089.1630000000005
7156.779
7174.289
2165.348
2178.7380000000003
3211.36
3221.69
4264.420999999999
4268.811000000001
5352.615
5354.968000000001
6408.338
6410.148999999999
1403.1070000000002
1404.936
2445.833
2450.201
3498.566
3501.6310000000003
4554.296
4555.19
5621.76
5624.372
6668.654
6670.117
1658.963
1658.366
2695.017
2695.366
3747.178
3748.283
4798.673
4800.606
5835.284
5838.4349999999995
6886.393
6886.381
1877.5059999999999
1876.516
2932.92
2932.589
3982.143
5031.018
6085.071
7127.273999999999
2131.447
3179.502
4218.174999999999
5262.202
6305.597
7466.446
2468.5350000000003
3521.821
4567.910000000001
