5820.254
6872.688
1888.291
2932.3830000000003
4000.731
4417.487
5059.475
5466.942999999999
6112.423
6527.951
7180.2429999999995
1540.329
2183.279
2579.288
3230.616
3635.942
3702.002
4276.928
4694.865
4745.931
5316.738
5738.369
5784.102
6358.545
6775.5289999999995
6823.0779999999995
1349.9950000000001
1771.954
1815.216
2280.6549999999997
2398.4860000000003
2825.258
2863.07
3325.866
3448.866
3887.075
3911.337
4367.693
4491.5779999999995
4926.758000000001
4949.507
5407.403
5527.898999999999
5969.257
5987.477
6449.385
6571.722000000001
6774.130999999999
7039.9130000000005
7075.105
1451.3069999999998
1582.681
1816.892
2049.165
2075.041
2501.852
2624.695
2856.1
3090.726
3115.796
3543.431
3663.603
3895.832
4132.436000000001
4157.318
4586.981
4703.974999999999
5100.82
5192.425
5214.576
5695.96
5800.372
6142.339
6239.6849999999995
6259.696
6752.738
6848.116
7196.466
7303.587
7315.673000000001
1764.6770000000001
1857.07
2205.307
2334.2459999999996
2336.8199999999997
2813.1020000000003
2894.844
3243.912
3381.966
3384.4979999999996
3860.371
3930.733
4177.465
4286.914000000001
4450.3859999999995
4450.931
4903.107999999999
4976.067
5221.0470000000005
5330.73
5505.121
5509.728
5947.35
6014.9169999999995
6260.545999999999
6375.7390000000005
6562.926
6567.147
6987.233
7055.648
7300.935
1359.2530000000002
1554.943
1565.4859999999999
1970.5159999999998
2042.3429999999998
2363.346
2396.509
2600.3889999999997
2612.645
3007.098
3017.232
3115.0280000000002
3401.0
3453.02
3645.525
3659.497
4060.6730000000002
4070.1479999999997
4166.914000000001
4438.727
4490.746
4688.557000000001
4703.924
5102.62
5112.966
5221.786
5478.741999999999
5530.539
5734.315
5749.057
6157.538
6158.627
6269.078
6520.012000000001
6572.580999999999
6837.459
6837.6669999999995
7261.013
7267.3730000000005
7324.027
1529.723
1583.041
1596.283
1945.3
1962.82
2309.2000000000003
2325.9089999999997
2363.8340000000003
2585.042
2641.3509999999997
2646.27
3020.272
3025.357
3372.083
3383.102
3411.64
3625.725
3705.4770000000003
3706.054
4072.228
4073.9280000000003
4420.316
4453.207
4467.088000000001
4671.214
4763.002
4765.525000000001
5121.106
5122.078
5474.396
5496.322
5510.398
5707.372
5813.621999999999
5814.901
6161.367
6165.666
6166.12
6536.316
6557.392
6558.505
6753.099999999999
6862.552
6866.371
7213.384
7233.964
7238.570000000001
1535.984
1566.775
1567.662
1753.388
1865.219
1867.567
2205.4
2241.549
2244.535
2571.16
2607.0009999999997
2612.379
2798.268
2910.232
2913.306
3234.433
3284.597
3287.9339999999997
3615.734
3656.407
3657.559
3853.119
3973.123
3984.8759999999997
4266.981000000001
4351.765
4353.4980000000005
4666.022
4755.606
4753.697
4893.2339999999995
5020.921
5028.07
5297.51
5405.422
5407.955
5726.005
5806.076
5810.461
5928.909
6076.458
6077.054
6326.54
6448.6759999999995
6454.1810000000005
6759.312000000001
6861.737
6865.032
6964.352
7139.942999999999
7142.543
1393.068
1465.201
1477.4270000000001
1763.52
1874.172
1877.0629999999999
1971.454
2157.886
2157.353
2423.1440000000002
2512.8650000000002
2521.982
2525.9339999999997
2834.4170000000004
2961.7140000000004
2960.12
3017.156
3217.7180000000003
3219.4919999999997
3464.758
3614.4379999999996
3615.0009999999997
3634.509
3922.806
4010.326
4010.412
4063.0119999999997
4269.0109999999995
4271.785000000001
4506.566000000001
4720.648
4717.197999999999
4730.6410000000005
4963.544
5085.238
5085.411
5109.064
5320.064
5323.254000000001
5534.644
5773.792
5784.0109999999995
5792.6140000000005
6006.6410000000005
6137.08
6138.012
6157.307000000001
6365.583
6367.688
6562.271
6833.688999999999
6847.758
6852.713
7069.014
7190.22
7214.447
7233.001
7234.463
7417.446
7425.922
1586.338
1905.464
1913.548
1913.423
2105.975
2209.39
2274.3
2284.539
2295.112
2446.66
2456.997
2633.357
2958.986
2970.5099999999998
2973.223
3247.253
3267.16
3354.299
3362.2839999999997
3365.5
3490.823
3501.3920000000003
3670.643
4007.353
4027.1730000000002
4030.83
4291.14
4309.808
4402.958
4420.812
4423.721
4538.231
4541.253000000001
4702.187999999999
5050.271000000001
5085.153
5088.57
5323.813
5348.7210000000005
5438.31
5470.949
5481.918000000001
5583.657999999999
5588.827
5744.150000000001
5883.365000000001
6111.356
6125.505999999999
6144.071
6364.34
6392.884
6480.627
6518.583
6525.8859999999995
6639.286
6654.3369999999995
6805.39
6945.483
7169.293
7175.388
7204.322999999999
1307.639
1331.9479999999999
1428.309
1472.0420000000001
1474.008
1588.95
1604.061
1735.362
1887.6770000000001
2122.443
2123.526
2148.253
2410.968
2460.544
2492.3579999999997
2525.93
2529.265
2635.773
2651.877
2797.125
2929.649
3170.575
3174.03
3191.898
3449.81
3501.885
3531.716
3577.1769999999997
3588.605
3737.212
3736.368
3832.5840000000003
3968.252
4030.9970000000003
4285.018
4281.837
4282.553
4490.053
4548.075
4577.101
4609.898
4620.7609999999995
4791.943
4794.905
4864.752
5012.362
5077.299
5355.939
5361.005999999999
5368.977
5530.085
5599.468
5620.032
5653.343
5666.479
5845.12
5846.294999999999
5894.5869999999995
6062.371
6116.504
6421.743
6423.295999999999
6425.916
6575.085999999999
6646.454000000001
6664.044
6697.561000000001
6718.0689999999995
6898.778
6902.427000000001
6924.1900000000005
7111.014
7165.901
1457.638
1460.239
1463.234
1588.0320000000002
1660.603
1673.9869999999999
1705.12
1726.421
1922.9650000000001
1924.892
1934.892
2115.675
2175.643
2432.455
2526.687
2541.539
2546.507
2672.418
2704.413
2721.091
2769.957
2829.245
2968.378
2968.498
2973.7200000000003
3158.502
3222.2960000000003
3484.032
3573.9339999999997
3647.641
3656.618
3714.631
3746.134
3784.5780000000004
3830.933
3863.302
4004.1659999999997
4024.224
4029.414
4199.659
4257.668
4529.916
4612.193
4721.711
4726.572
4753.159000000001
4785.5650000000005
4817.523
4863.454
4896.451
5033.264
5079.967
5082.728999999999
5247.196
5302.631
5578.942
5653.1140000000005
5774.254
5777.99
5798.661
5829.611
5859.581
5906.981
5940.684
6068.178
6133.4439999999995
6135.228
6295.6669999999995
6352.144
6632.609
6745.262000000001
6815.058
6843.995
6849.422
6858.735000000001
6891.934
6917.542
6958.106
6980.922
7131.156
7228.362
7231.897
7406.382
7434.8910000000005
1636.39
1754.12
1837.475
1873.902
1876.287
1881.6219999999998
1917.05
1953.442
1981.443
1991.2289999999998
2146.848
2233.748
2237.927
2404.238
2431.047
2672.324
2799.921
2897.7050000000004
2949.073
2954.8390000000004
2961.083
2977.852
2999.578
3038.227
3039.362
3176.27
3277.664
3283.136
3437.712
3464.658
3714.7610000000004
3834.1020000000003
3941.2780000000002
4001.036
4024.2870000000003
4024.3589999999995
4044.466
4052.4440000000004
4096.439
4096.373
4208.108
4329.868
4333.9400000000005
4469.839
4501.646
4800.04
4875.353999999999
5000.383
5069.985
5101.686
5112.1939999999995
5259.704
5266.4580000000005
5313.1810000000005
5320.725
5340.512000000001
5385.987
5390.018
5416.621
5512.131
5547.896
5837.754999999999
5914.255
6045.01
6100.706
6154.336
6161.895
6348.388
6348.409000000001
6375.344
6383.343
6387.097
6444.575000000001
6451.224
6467.9310000000005
6571.634999999999
6601.913
6876.365
6950.459000000001
7088.009
7141.982
7215.981
7217.442
1387.7710000000002
1391.981
1405.094
1417.5439999999999
1418.49
1466.306
1485.7350000000001
1499.227
1594.908
1618.03
1887.139
1959.01
2099.522
2152.363
2234.582
2239.062
2439.645
2459.259
2461.761
2478.567
2483.374
2506.8959999999997
2528.828
2540.369
2629.794
2650.263
2922.851
2992.864
3133.921
3184.096
3287.533
3293.049
3476.7290000000003
3496.5679999999998
3510.874
3531.254
3533.699
3557.5139999999997
3575.7349999999997
3583.228
3667.279
3684.649
3691.6890000000003
3961.085
4030.952
4181.999
4246.778
4346.7570000000005
4347.755
4534.809
4536.572999999999
4554.082
4581.956
4590.219
4611.885
4638.212
4645.1089999999995
4714.223
4746.857
4747.748
4993.8279999999995
5063.503
5267.326
5282.838
5390.1050000000005
5392.032
5574.197
5587.764
5595.932000000001
5621.956
5633.115
5665.071
5680.214999999999
5690.238
5753.927
5791.804
5795.331
6026.626
6097.978999999999
6306.932
6316.528
6441.6669999999995
6445.647
6603.471
6624.6
6637.673000000001
6658.693
6672.361000000001
6699.7
6717.885
6729.211
6786.986
6830.549
6830.8910000000005
7071.417
7133.247
1316.006
1317.02
1455.908
1458.857
1603.846
1644.99
1660.409
1680.4969999999998
1682.444
1706.323
1730.76
1739.126
1784.122
1833.905
1835.045
2073.6180000000004
2132.698
2319.7830000000004
2356.949
2358.6420000000003
2501.109
2504.422
2634.236
2768.692
2857.182
2861.026
2876.121
2885.2039999999997
2899.916
2903.9649999999997
2904.674
2918.6
2921.471
3110.929
3168.3309999999997
3372.937
3399.975
3405.4500000000003
3553.81
3558.4739999999997
3682.879
3838.508
3908.066
3909.422
3954.895
3971.766
4008.0910000000003
4012.0110000000004
4013.523
4031.343
4030.2049999999995
4148.33
4231.12
4415.305
4442.15
4445.464
4597.787
4599.303
4721.783
4877.809
4951.418000000001
4952.130999999999
4991.838000000001
5010.464
5089.6720000000005
5090.924
5094.162
5105.501
5110.1359999999995
5200.723
5273.37
5456.9890000000005
5492.777
5496.692999999999
5637.403
5638.4980000000005
5755.066
5915.724
5995.759
5995.978
6033.459
6055.438999999999
6167.553
6187.99
6191.0
6190.745
6195.169
6243.006
6313.036999999999
6495.625
6541.724999999999
6546.422
6688.21
6692.580999999999
6777.686
6951.706999999999
7036.249
7037.871
7169.895
7173.982
7205.928
7257.925
7265.33
7276.25
7282.638000000001
7298.845
7351.4980000000005
1506.9850000000001
1565.896
1569.3839999999998
1714.183
1715.351
1776.612
1976.655
2066.602
2075.307
2186.015
2189.402
2214.546
2286.968
2295.076
2312.038
2315.732
2325.9089999999997
2361.4190000000003
2570.625
2618.199
2622.21
2760.239
2767.089
2815.9030000000002
3157.3799999999997
3159.4
3167.6769999999997
3232.297
3233.4429999999998
3250.475
3353.627
3362.381
3377.717
3385.5080000000003
3392.011
3406.072
3616.1180000000004
3651.26
3656.792
3799.94
3808.389
3841.8540000000003
4223.844
4224.199
4225.94
4275.43
4274.704
4290.08
4391.18
4394.112
4431.634
4438.899
4452.008
4453.267000000001
4647.522
4686.769
4695.743
4845.6630000000005
4850.012000000001
4874.527
5279.794
5282.799
5284.018
5315.053
5318.922
5323.937
5430.67
5431.379
5486.398999999999
5499.215999999999
5506.79
5512.53
5682.54
5722.404
5729.384
5890.945000000001
5891.406
5902.715999999999
6320.2480000000005
6325.889
6327.49
6355.293
6359.337
6368.794
6475.067
6475.585
6523.028
6549.763
6568.531
6569.527
6713.004
6763.33
6765.245
6927.570000000001
6930.049999999999
6931.834
1247.652
1248.513
1256.683
1286.695
1290.397
1299.249
1393.829
1394.986
1445.347
1473.124
1504.226
1504.55
1640.223
1688.0539999999999
1692.6270000000002
1854.429
1871.728
1873.615
2312.7599999999998
2316.97
2324.402
2345.3149999999996
2355.081
2358.091
2439.299
2438.961
2479.3500000000004
2511.622
2554.179
2553.958
2667.296
2729.829
2732.716
2886.29
2902.714
2906.929
3357.029
3363.658
3373.488
3392.033
3408.502
3430.5699999999997
3488.96
3489.0370000000003
3513.026
3544.52
3599.4579999999996
3601.6330000000003
3699.986
3770.546
3773.183
3913.355
3932.545
3937.212
4412.022999999999
4416.4839999999995
4424.303
4435.749000000001
4462.697
4480.249
4526.4259999999995
4530.64
4544.334
4573.488
4652.972
4663.051
4742.332
4810.298000000001
4814.07
4937.054
4967.9929999999995
4967.341
5475.957
5480.455
5482.748
5484.431
5500.699
5509.535
5568.412
5575.103
5586.501
5608.708
5706.375999999999
5707.957
5778.16
5848.133
5849.731000000001
5960.433
6006.143
6005.998
6542.7429999999995
6566.222
6565.389999999999
6570.978
6573.8099999999995
6577.486000000001
6617.275000000001
6620.474
6637.755
6651.187
6745.8330000000005
6749.386
6817.406
6893.361
6895.215999999999
6988.766
7046.4310000000005
7049.08
1545.2079999999999
1607.808
1610.69
1621.104
1627.855
1630.734
1665.322
1678.272
1683.747
1692.089
1873.996
1879.519
1878.943
1909.564
1911.6390000000001
1979.0620000000001
2053.9480000000003
2060.326
2594.6310000000003
2649.8089999999997
2676.6
2695.275
2695.018
2699.341
2731.064
2737.707
2741.304
2750.113
2911.156
2932.0789999999997
2935.201
2956.066
2960.846
3004.5890000000004
3097.1639999999998
3096.8230000000003
3632.1
3683.268
3724.687
3752.949
3765.521
3778.7709999999997
3807.165
3824.338
3829.333
3830.553
3946.702
3976.518
3980.0939999999996
3999.277
3999.925
4027.915
4132.222
4134.4039999999995
4706.923
4723.0109999999995
4759.146000000001
4792.012
4809.274
4819.554
4854.549
4883.056
4895.795
4895.735000000001
4980.285
5012.31
5017.35
5046.573
5047.841
5056.237999999999
5175.527
5175.994000000001
5765.156
5774.742
5804.295
5849.337
5865.955
5882.359
5917.289000000001
5940.2609999999995
5952.018
5954.262
6013.045
6090.648
6120.84
6124.333
6136.985000000001
6137.9619999999995
6238.766
6239.889
6813.116
6818.998
6842.8240000000005
6896.671
6938.91
6983.317
7041.047
7041.209
7043.951
7078.0830000000005
7092.926
7159.147
7194.208
7209.937
7235.822
7240.731000000001
7425.584
7424.967
1825.2900000000002
1826.928
1843.722
1915.249
1980.439
2005.8060000000003
2069.518
2069.413
2070.405
2094.6690000000003
2101.288
2171.3779999999997
2195.169
2218.256
2247.431
2262.889
2460.897
2461.429
2875.502
2879.9480000000003
2890.2999999999997
2946.151
3009.916
3053.498
3161.665
3161.564
3167.224
3178.21
3182.2200000000003
3209.4990000000003
3226.869
3251.131
3280.44
3295.613
3520.969
3523.7219999999998
3935.073
3936.728
3940.026
3975.926
4048.368
4086.291
4237.25
4246.692
4277.072999999999
4285.198
4289.121
4293.078
4302.325
4315.867
4331.201
4338.763
4566.717
4569.046
4984.877
4987.379
4987.043
5010.277
5099.701999999999
5120.956999999999
5277.433
5287.887
5321.397
5352.134
5373.139
5375.594
5391.099999999999
5398.015
5403.873
5405.674999999999
5642.0779999999995
5645.214
6077.3060000000005
6087.688
6086.157
6102.098
6141.432
6161.143
6324.82
6340.645
6362.405
6380.57
6420.077
6430.831999999999
6460.308999999999
6472.508000000001
6472.946
6475.84
6687.106
6690.797
7164.1269999999995
7169.007
7181.027
7187.601
7216.147
7219.134999999999
1354.504
1376.417
1383.45
1389.579
1426.934
1437.558
1503.126
1522.0929999999998
1521.084
1527.3000000000002
1696.149
1702.319
2303.217
2310.31
2313.5
2334.149
2335.7000000000003
2348.186
2407.1479999999997
2437.035
2442.2160000000003
2444.5640000000003
2474.805
2486.8109999999997
2579.022
2599.214
2604.175
2603.516
2757.379
2760.16
3403.685
3453.035
3471.719
3470.8109999999997
3473.5589999999997
3540.295
3547.1710000000003
3554.415
3574.216
3602.281
3589.6189999999997
3633.34
3692.05
3706.281
3715.333
3715.026
3818.428
3822.616
4455.33
4534.307
4552.724999999999
4571.665999999999
4573.683
4599.628
4624.945000000001
4642.632
4730.052
4740.7519999999995
4747.353999999999
4760.679999999999
4787.411999999999
4795.314
4808.172
4815.46
4873.068
4878.192
5492.339
5599.03
5614.812
5633.157
5635.41
5642.6179999999995
5668.821
5687.896000000001
5773.936
5788.687000000001
5796.2480000000005
5803.062
5824.485000000001
5841.797
5857.908
5857.6449999999995
5915.298
5917.617
6545.219
6658.008
6688.73
6691.657
6710.3330000000005
6714.613
6748.15
6749.123
6819.3679999999995
6848.999
6868.032
6876.956
6898.442
6932.233
6938.339
6940.2699999999995
6967.246
6973.365000000001
1452.015
1556.73
1681.9170000000001
1688.325
1784.6390000000001
1803.903
1814.945
1824.176
1821.8490000000002
1834.3799999999999
1858.548
1858.866
1900.051
1914.213
1917.996
1926.008
1930.8110000000001
1933.731
2494.116
2606.1299999999997
2745.295
2763.449
2831.124
2854.73
2891.194
2903.514
2907.672
2929.576
2968.178
3003.924
3011.92
3023.369
3035.215
3041.359
3045.365
3047.184
3533.458
3654.7309999999998
3800.625
3808.017
3882.69
3902.345
3940.321
3978.4069999999997
3988.751
4011.741
4030.806
4169.758
4176.332
4200.78
4203.005
4206.505
4207.409000000001
4213.678
4590.263
4694.915
4832.169000000001
4847.597000000001
4928.301
4939.197
4977.594
5022.36
5032.995
5067.812
5076.481000000001
5216.208
5230.394
5300.673
5305.646000000001
5310.028
5310.728
5312.5470000000005
5638.128
5744.442
5863.049
5879.652
5964.094
5974.021
6007.895
6057.902
6071.294
6103.759
6113.175
6256.594
6270.857
6360.229
6363.870000000001
6366.433
6371.623
6376.991
6685.228999999999
6778.661
6888.039
6911.317
6996.401
7007.482000000001
7037.856
7102.179999999999
7113.202
7151.616
7158.436
1264.1970000000001
1277.315
1392.325
1392.687
1404.801
1406.385
1408.094
1697.1940000000002
1776.761
1884.019
1912.425
2000.919
2006.847
2038.0919999999999
2108.749
2117.234
2156.292
2161.146
2301.177
2306.438
2441.019
2444.962
2458.354
2461.324
2461.227
2744.055
2822.783
2918.184
2949.768
3057.87
3063.2160000000003
3076.031
3145.046
3155.502
3194.42
3197.3669999999997
3344.965
3350.1479999999997
3536.038
3552.315
3553.8340000000003
3569.665
3569.818
3907.48
3908.326
3950.351
3992.175
4122.218
4121.602
4136.335
4184.495
4191.476
4246.115
4247.944
4392.834
4392.4839999999995
4589.28
4614.322999999999
4617.766
4633.431
4634.210999999999
4963.617
4964.965
4979.831
5031.386
5171.280000000001
5181.635
5181.436
5224.024
5226.5740000000005
5301.880999999999
5302.64
5433.433
5434.254
5631.894
5659.608
5671.25
5691.581
5700.592000000001
6006.725
6011.088
6013.017
6072.797
6226.543000000001
6235.341
6246.025000000001
6279.705
6280.127
6339.179
6342.1089999999995
6470.83
6474.436
6725.647
6747.185
6757.629
6766.409000000001
6772.606
7071.456999999999
7077.746999999999
7092.523
7136.719
7299.147
7355.465
7357.872
7380.342
7389.108
7410.0599999999995
7412.304
1482.243
1484.509
1755.776
1770.9170000000001
1778.758
1789.662
1790.427
2095.934
2113.431
2125.451
2176.498
2318.5159999999996
2394.695
2394.529
2440.3700000000003
2454.038
2468.443
2480.6059999999998
2574.2560000000003
2578.7740000000003
2793.521
2838.314
2843.053
2847.1099999999997
2853.424
3143.543
3166.2149999999997
3174.2309999999998
3230.149
3374.321
3450.645
3450.2799999999997
3479.801
3510.1270000000004
3529.186
3528.822
3616.257
3616.978
3826.1189999999997
3877.243
3887.976
3891.6369999999997
3897.919
4175.099
4205.942
4214.267000000001
4263.956
4410.789000000001
4484.407
4488.71
4511.774
4540.518
4569.003000000001
4568.625
4651.356
4653.837
4856.162
4908.197999999999
4929.061
4945.103999999999
4944.91
5201.419
5237.285
5245.232
5291.231
5441.758
5526.815
5526.411
5545.66
5571.2789999999995
5609.971
5611.156
5689.056
5691.629
5884.692
5941.014
5956.559
5979.61
5980.316
6230.2699999999995
6268.118
6277.2480000000005
6315.919
6470.141
6564.795
6565.668
6578.695
6595.974
6645.353
6649.015
6727.852000000001
6728.221
6912.722
6969.7
6983.413
7013.286
7014.745
1231.3700000000001
1282.341
1287.7730000000001
1324.061
1486.562
1601.107
1606.3670000000002
1606.307
1624.5
1674.323
1676.19
1747.668
1746.78
1923.309
1981.859
1993.306
2042.2060000000001
2051.4869999999996
2258.945
2313.04
2325.005
2355.203
2516.225
2653.937
2660.021
2662.672
2670.584
2710.996
2711.3610000000003
2784.463
2783.9629999999997
2951.159
3017.141
3022.918
3075.459
3085.75
3284.379
3346.806
3357.371
3384.583
3544.673
3717.5989999999997
3716.361
3720.2540000000004
3724.581
3758.6490000000003
3759.487
3822.7709999999997
3823.9939999999997
3978.664
4059.4669999999996
4060.078
4110.199
4122.213000000001
4308.507
4424.022
4435.849
4436.25
4578.905
4777.543
4790.318
4794.0779999999995
4800.277999999999
4818.758
4819.945
4861.356
4861.342
5009.090999999999
5094.411
5096.755
5143.866
5154.893
5330.615
5461.131
5472.042
5472.973
5611.446
5838.026
5856.229
5865.567
5868.051
5874.637
5877.201999999999
5902.064
5902.019
6042.651
6132.2609999999995
6134.076
6174.956
6185.809
6359.645
6514.842
6517.391
6642.414
6887.4839999999995
6928.266
6961.903
6967.663
6974.821000000001
6979.101
6994.576999999999
6994.6140000000005
7095.344
7197.488
7196.576
7225.914000000001
7231.861999999999
1362.8890000000001
1525.299
1526.767
1648.795
1897.909
1936.446
2007.162
2012.563
2050.096
2059.015
2059.0
2075.014
2109.162
2208.802
2210.616
2242.4080000000004
2243.761
2389.21
2563.119
2564.397
2690.537
2944.461
2966.22
3041.038
3047.296
3108.458
3114.4159999999997
3118.7580000000003
3124.325
3142.293
3241.946
3243.3230000000003
3278.391
3279.777
3415.9410000000003
3609.79
3611.294
3726.813
3985.629
3998.834
4073.073
4079.1009999999997
4148.228999999999
4160.315
4167.706
4169.382
4183.612
4279.899
4282.986
4317.969
4318.501
4441.817
4661.767
4661.616
4758.136
5018.034
5033.955
5114.696
5117.972
5182.798
5206.873
5232.503000000001
5236.0160000000005
5237.402
5314.849999999999
5323.2970000000005
5355.839
5357.111
5466.776000000001
5707.224
5709.329000000001
5790.919
6064.166
6079.2339999999995
6163.941000000001
6165.545
6221.485000000001
6247.767
6288.942999999999
6293.955999999999
6295.452
6477.023
6485.591
6484.579
6494.865
6518.51
6756.09
6756.072999999999
6828.259
7110.722
7122.458
7216.6230000000005
7217.254
1229.3639999999998
1256.2450000000001
1304.861
1315.789
1317.418
1501.993
1506.907
1517.557
1519.869
1524.605
1797.432
1800.181
1836.332
2129.917
2148.497
2230.415
2231.154
2259.4210000000003
2285.27
2350.9500000000003
2356.171
2365.77
2561.422
2570.569
2590.9990000000003
2593.114
2594.805
2837.3849999999998
2836.912
2864.248
3180.7889999999998
3190.232
3265.415
3268.881
3290.482
3314.6879999999996
3388.337
3392.859
3403.857
3596.335
3605.322
3627.8709999999996
3635.885
3638.6820000000002
3891.493
3893.348
3902.631
4231.852
4231.659
4308.416
4310.7210000000005
4334.543
4347.6359999999995
4429.1320000000005
4431.371999999999
4441.228
4632.482000000001
4634.577
4652.121
4670.361
4672.0560000000005
4953.400000000001
4953.653
4960.127
5276.462
5276.352
5353.936
5354.301
5377.907999999999
5386.0070000000005
5476.074
5477.74
5482.443
5678.522
5688.551
5692.069
5722.831
5726.715999999999
5999.145
6004.485
6007.052
6322.581999999999
6322.704
6391.778
6394.753
6428.103
6432.594
6548.1759999999995
6550.874000000001
6552.178
6728.885
6728.408
6741.358
6765.773
6765.754
7053.692
7060.628000000001
7075.239
1317.858
1321.47
1390.6499999999999
1393.335
1425.81
1425.7089999999998
1548.096
1554.208
1554.436
1716.409
1726.144
1735.061
1756.872
1760.5610000000001
2059.6009999999997
2061.6310000000003
2071.449
2364.27
2366.317
2428.998
2429.843
2456.246
2457.952
2602.73
2613.565
2613.8669999999997
2743.888
2761.601
2776.058
2807.7200000000003
2818.1820000000002
3117.288
3120.7799999999997
3124.268
3395.8309999999997
3400.3329999999996
3465.579
3470.509
3496.331
3496.469
3640.378
3652.1639999999998
3653.602
3773.402
3798.492
3812.057
3863.583
3864.111
4177.8589999999995
4178.543000000001
4181.642
4452.47
4451.811000000001
4512.005
4517.35
4542.2789999999995
4542.009
4694.034000000001
4702.134
4707.763
4797.517
4833.280000000001
4845.416
4904.171
4907.188999999999
5221.906
5225.988
5226.6810000000005
5510.33
5508.983
5549.312
5550.764
5581.393
5582.794
5732.25
5742.748
5745.713000000001
5818.471
5864.3859999999995
5876.199
5947.661
5949.619000000001
6273.84
6275.905
6277.894
6549.064
6553.844
6589.176
6591.687
6622.172
6623.56
6767.575
6779.074
6780.039000000001
6841.654
6901.2570000000005
6907.633
6982.839
6984.952
7333.29
7337.07
7347.411
1558.683
1558.541
1586.9089999999999
1587.513
1616.204
1618.245
1759.444
1771.855
1774.116
1822.822
1899.896
1900.4479999999999
1980.522
1981.1460000000002
2337.9660000000003
2340.634
2345.259
2604.832
2612.887
2627.425
2630.4500000000003
2650.844
2652.144
2789.0009999999997
2804.964
2807.258
2847.7839999999997
2942.278
2946.526
3043.031
3048.639
3400.0249999999996
3401.561
3402.3500000000004
3648.925
3656.314
3690.474
3698.7839999999997
3711.6150000000002
3717.0359999999996
3824.7740000000003
3852.965
3855.968
3876.5190000000002
3986.48
3987.2909999999997
4085.8340000000003
4088.527
4460.340999999999
4462.313
4462.173
4706.525
4706.014
4728.056
4741.516
4753.777999999999
4753.0070000000005
4853.974
4891.088
4892.368
4900.137
5022.161
5022.0019999999995
5118.294
5119.419
5506.4890000000005
5507.977000000001
5509.307
5769.485000000001
5770.628000000001
5801.016
5805.848
5817.196
5823.572
5893.665
5943.875
5955.641
5955.908
6083.630999999999
6090.379000000001
6176.43
6177.32
6579.015
6582.681
6584.628000000001
6829.4220000000005
6838.571
6893.776
6906.441
6915.507
6920.7
6946.452
6986.294
7022.562
7025.271
7160.21
7168.233
7247.829000000001
7252.41
1676.085
1678.288
1680.445
1858.621
1871.195
1941.718
1944.939
1956.337
1963.0320000000002
1968.322
1988.884
2056.663
2060.168
2206.81
2209.842
2264.418
2265.755
2734.706
2742.6560000000004
2744.011
2906.986
2916.583
2997.1079999999997
3002.485
3025.069
3034.717
3052.655
3053.176
3105.5589999999997
3107.172
3272.049
3275.1
3307.583
3308.817
3789.263
3793.258
3794.6040000000003
3950.114
3961.083
4078.5119999999997
4091.3269999999998
4101.860000000001
4114.156
4122.823
4124.584
4153.82
4155.66
4323.174
4326.95
4359.637000000001
4363.813
4852.4039999999995
4858.887000000001
4863.843
4998.504
5009.648999999999
5132.023
5147.621
5169.151
5214.477
5221.345
5223.521
5239.623
5240.135
5362.545
5366.576
5401.359
5402.054
5917.543000000001
5920.678
5924.318
6058.215999999999
6083.552
6192.443
6196.858
6243.543
6338.438
6359.989
6365.738
6363.491
6369.293
6422.699
6429.036
6455.84
6456.784
6974.859
6978.975
6985.98
7102.123
7127.558
7246.675
7259.802
7313.982
1340.6
1383.268
1398.034
1406.039
1409.0510000000002
1436.7369999999999
1437.203
1466.145
1476.4170000000001
1988.385
1999.652
2000.5860000000002
2107.1369999999997
2131.574
2251.386
2265.609
2319.855
2377.35
2426.935
2453.359
2473.5969999999998
2477.0910000000003
2500.4840000000004
2504.2110000000002
2523.21
2523.97
3047.0130000000004
3063.8320000000003
3067.3430000000003
3140.1180000000004
3164.9069999999997
3280.587
3302.323
3358.504
3415.359
3470.322
3490.8
3520.654
3522.043
3557.481
3570.022
3581.105
3583.6079999999997
4102.785
4111.188
4117.143
4172.590999999999
4199.031
4318.308
4339.639
4395.37
4454.1269999999995
4549.667
4597.08
4631.098
4641.035
4689.186000000001
4693.751
4700.929999999999
4706.184
5155.348
5168.059
5173.239
5204.822
5231.080000000001
5362.206999999999
5382.821
5428.314
5491.981
5608.616
5638.132
5675.397
5686.251
5746.457
5748.373
5765.223
5766.723
6213.275000000001
6228.91
6233.407999999999
6249.387
6264.8460000000005
6392.561
6420.811
6459.312
6524.2339999999995
6652.507
6675.518
6719.409
6729.415999999999
6811.242
6813.87
6821.7970000000005
6828.843
7289.491
7321.448
7331.526
7347.548
7357.101000000001
1385.017
1419.8990000000001
1455.682
1521.414
1659.668
1678.746
1720.161
1735.53
1843.6490000000001
1853.809
1862.921
1866.001
2294.223
2329.534
2354.48
2366.415
2378.793
2412.78
2460.607
2495.025
2567.482
2952.813
2966.079
2967.448
2968.543
3001.7960000000003
3004.1730000000002
3011.7560000000003
3016.95
3330.602
3368.801
3525.517
3548.0589999999997
3563.919
3564.415
3573.39
3575.6420000000003
3606.582
4009.982
4020.8089999999997
4026.1760000000004
4027.992
4070.081
4083.7349999999997
4084.026
4087.2580000000003
4368.639
4493.153
4555.2080000000005
4577.907
4606.17
4614.885
4624.626
4626.003
4641.597
5071.468999999999
5084.602
5086.768
5088.78
5123.241
5144.8640000000005
5146.153
5149.835
5413.715
5525.283
5582.6359999999995
5609.798
5643.477
5662.421
5679.616
5682.275
5689.275000000001
6133.085999999999
6159.726
6162.59
6167.339
6190.299999999999
6201.104
6210.2570000000005
6209.995
6444.185
6558.505
6612.336
6642.0199999999995
6676.74
6697.814
6728.456
6730.654
6733.736000000001
7173.586
7242.7210000000005
7269.52
7283.492
7309.704
7314.132
7316.996999999999
7326.286999999999
1448.176
1563.92
1608.244
1641.711
1676.289
1699.421
1748.496
1748.933
1748.5649999999998
2189.586
2244.4120000000003
2270.413
2284.303
2334.002
2337.322
2342.7859999999996
2352.005
2482.965
2593.127
2628.469
2672.0510000000004
2706.667
2729.732
2793.4480000000003
2796.936
2800.705
3236.48
3273.7110000000002
3294.5190000000002
3311.13
3393.447
3396.982
3400.785
3411.3509999999997
3512.196
3629.052
3652.59
3703.855
3735.981
3759.08
3843.991
3845.866
3846.2839999999997
4282.586
4303.429999999999
4322.9800000000005
4351.701
4443.0740000000005
4447.869
4455.8949999999995
4462.9529999999995
4539.493
4663.898999999999
4674.773
4740.071999999999
4766.948
4789.752
4891.981000000001
4892.223999999999
4893.995999999999
5317.334
5341.941000000001
5362.914
5385.919000000001
5495.411
5505.195
5510.098
5521.942
5575.418
5704.144
5710.777
5775.929999999999
5805.1
5826.061000000001
5952.593
5955.954000000001
5958.698
6349.4039999999995
6372.862999999999
6396.112999999999
6417.508
6530.1179999999995
6552.943
6567.678
6569.521
6606.59
6735.162
6741.147
6803.555
6835.592000000001
6858.012000000001
7008.409000000001
7012.545
7013.995000000001
1337.2269999999999
1355.183
1375.6870000000001
1397.618
1514.5
1536.7900000000002
1556.996
1560.071
1587.8799999999999
1720.854
1735.233
1791.8529999999998
1820.7450000000001
1841.2459999999999
2016.165
2020.327
2031.7029999999997
2377.897
2410.987
2440.296
2551.422
2576.9829999999997
2604.762
2604.717
2651.091
2762.693
2780.371
2831.464
2861.4359999999997
2883.909
3072.623
3072.934
3084.812
3414.1499999999996
3454.0069999999996
3480.112
3588.834
3612.397
3680.657
3685.031
3694.968
3794.248
3817.469
3872.975
3900.031
3918.017
4120.711
4121.843
4129.838000000001
4450.205999999999
4488.716
4517.66
4624.321
4648.202
4732.725
4733.499
4743.818
4825.401
4853.576
4913.144
4935.646000000001
4954.49
5191.124000000001
5194.727999999999
5200.040999999999
5484.209
5518.248
5557.218
5660.484
5684.7300000000005
5891.844
5911.1089999999995
5921.666
5927.861
5936.886
5954.8949999999995
5979.983
5996.876
6248.756
6248.872
6252.645
6516.098999999999
6547.255
6589.594
6695.2970000000005
6717.128
6918.377
6944.956999999999
6954.951999999999
6965.133
6974.107
6988.3
7011.7390000000005
7028.501
1244.583
1243.636
1245.0349999999999
1504.117
1526.4470000000001
1567.125
1679.3229999999999
1694.034
1897.064
1920.758
1936.445
1947.505
1954.7969999999998
1967.05
1990.918
2008.588
2301.274
2301.494
2302.81
2548.352
2558.936
2595.005
2707.81
2721.601
2938.4030000000002
2961.766
2974.972
2998.507
3000.06
3006.222
3030.389
3049.0020000000004
3359.0719999999997
3360.299
3361.598
3585.296
3594.153
3625.049
3755.489
3761.908
3967.4
3999.3669999999997
4020.0769999999998
4075.3839999999996
4081.283
4090.519
4102.655000000001
4105.3550000000005
4409.6669999999995
4412.664000000001
4413.531
4618.67
4631.0869999999995
4664.686
4791.931
4792.909
4992.759999999999
5039.252
5052.333
5124.905
5124.141
5144.256
5153.788
5156.102
5462.358
5465.530000000001
5467.906
5664.11
5672.965999999999
5695.441
5822.015
5824.353
6016.305
6071.886
6083.4169999999995
6160.934
6165.235
6186.311
6194.109
6195.781
6521.289000000001
6521.396000000001
6523.345
6704.564
6712.096
6734.799
6858.701
6860.976
7051.352
7113.630999999999
7127.2789999999995
7221.259
7237.286
7267.8
7271.56
7273.065
1535.37
1538.233
1540.931
1755.844
1758.383
1766.674
1872.388
1873.106
2056.507
2121.2599999999998
2133.2019999999998
2228.145
2242.976
2278.867
2289.393
2291.0020000000004
2593.015
2596.1639999999998
2597.515
2802.949
2810.337
2811.9550000000004
2908.608
2911.402
3085.39
3158.554
3167.319
3267.362
3280.6479999999997
3320.4539999999997
3338.773
3338.8469999999998
3659.357
3660.358
3661.658
3844.193
3850.404
3851.779
3943.437
3943.7400000000002
4113.643
4190.526
4197.66
4305.714
4321.376
4357.705
4378.18
4385.462
4729.113
4730.750999999999
4734.831
4912.411
4924.633
4929.088
4985.652
5142.889
5257.138999999999
5267.196
5350.196999999999
5362.683
5393.16
5417.762
5424.976
5792.3460000000005
5796.209
5798.4130000000005
5963.036
5976.676
5978.328
6018.432
6180.624
6317.505
6317.777999999999
6395.665
6395.197999999999
6424.3730000000005
6458.852
6461.246
6856.3460000000005
6857.797
6859.236
7012.661999999999
7020.360000000001
7029.535
7061.21
1252.417
1319.966
1319.6000000000001
1421.348
1421.461
1431.233
1461.963
1462.018
1876.116
1882.277
1886.0520000000001
2057.807
2064.0480000000002
2083.893
2087.9590000000003
2323.7670000000003
2370.58
2374.2019999999998
2482.014
2487.913
2494.475
2538.801
2544.106
2924.033
2933.79
2934.92
3120.2380000000003
3130.245
3133.416
3137.46
3357.632
3406.739
3411.5950000000003
3524.555
3526.2889999999998
3534.945
3577.3160000000003
3579.683
3967.091
3980.338
3981.224
4162.7390000000005
4175.982999999999
4180.588
4183.398999999999
4386.63
4440.684
4440.905
4581.706999999999
4583.157
4587.393999999999
4623.285
4623.208
5005.169000000001
5020.724
5022.769
5224.067
5243.369000000001
5249.532999999999
5250.701
5413.061
5473.6539999999995
5475.215
5623.968
5625.62
5629.178
5660.989
5663.67
6065.066
6078.364
6079.702
6273.686
6292.451
6293.821999999999
6298.287
6438.656
6507.0160000000005
6506.452
6679.913
6684.697
6683.371
6704.242
6707.392
7120.476
7143.004
7146.376
1284.673
1322.757
1327.0120000000002
1329.65
1434.307
1517.2440000000001
1518.645
1705.419
1714.069
1725.0330000000001
1730.7939999999999
1739.152
2148.982
2157.436
2161.661
2320.085
2368.8630000000003
2378.3940000000002
2382.495
2464.3830000000003
2555.892
2556.4339999999997
2741.678
2756.733
2773.717
2777.459
2785.975
3207.755
3207.047
3209.221
3360.666
3410.076
3422.614
3425.288
3493.692
3594.306
3597.081
3772.3
3786.643
3809.084
3810.404
3821.1719999999996
4260.526
4265.967
4268.484
4393.646000000001
4438.417
4455.023999999999
4457.313
4516.081
4625.9980000000005
4627.397
4806.7
4815.344
4850.331
4851.085
4862.1939999999995
5299.683
5306.689
5310.692
5428.666
5475.55
5492.991
5494.516
5539.972
5676.1990000000005
5681.41
5853.038
5859.812
5911.660000000001
5915.71
5919.165
6366.652
6370.201
6370.387
6462.004
6509.7
6534.1630000000005
6537.499000000001
6567.795
6722.519
6724.202
6912.336
6913.454
6974.478
6976.784000000001
6979.15
7483.852
7482.698
7488.459
1496.439
1542.904
1543.315
1548.653
1743.894
1752.6770000000001
1895.518
1896.276
1995.864
1997.757
2000.184
2496.5769999999998
2499.9889999999996
2500.806
2535.828
2595.417
2598.608
2611.031
2807.0620000000004
2811.303
2947.26
2948.3109999999997
3071.933
3072.55
3081.238
3559.362
3566.115
3574.569
3583.638
3643.926
3655.115
3657.3579999999997
3952.444
3956.5800000000004
3993.221
3995.005
4127.308
4127.452
4130.706
4618.723
4642.264
4644.138
4647.255999999999
4672.726
4702.335
4704.269
5002.816
5005.048000000001
5053.997
5056.408
5179.233
5183.789
5190.589
5705.036
5706.7699999999995
5709.1089999999995
5720.579
5725.228999999999
5748.629
5748.948
6065.642000000001
6069.889
6106.893
6105.831
6235.486
6239.453
6242.367
6776.881
6784.7699999999995
6789.8820000000005
6796.251
6798.173000000001
6814.995
6817.83
7119.817
7121.86
7162.437
7162.2789999999995
1257.974
1259.343
1261.479
1793.576
1827.3429999999998
1827.078
1840.158
1842.6039999999998
1844.9260000000002
1847.0040000000001
2139.774
2139.223
2167.9970000000003
2169.171
2298.082
2300.831
2303.44
2831.429
2870.616
2878.8360000000002
2896.42
2904.0629999999996
2905.2630000000004
2907.953
3191.6989999999996
3193.0809999999997
3207.395
3208.23
3340.873
3343.982
3346.1189999999997
3855.909
3911.645
3911.857
3936.645
3968.229
3967.4629999999997
3970.835
4241.151000000001
4251.169
4262.459
4264.8679999999995
4393.277
4393.295
4396.603
4885.194
4960.675
4966.292
4987.103
5029.246999999999
5030.721
5032.013
5296.422
5303.098
5312.573
5315.781
5435.584000000001
5438.031
5437.446
5909.592
5995.081
6001.674999999999
6018.954
6082.226000000001
6086.241
6088.032
6357.068
6364.335
6365.756
6374.719
6485.608
6489.304
6488.999
6932.141
7029.658
7036.424
7051.160000000001
7142.704
7148.372
7150.813
1356.854
1367.538
1375.591
1376.942
1485.5810000000001
1486.737
1491.365
1929.713
2050.0
2050.119
2056.264
2144.839
2147.864
2153.4460000000004
2407.8050000000003
2419.977
2428.491
2431.602
2528.058
2531.7690000000002
2534.6259999999997
2966.027
3101.195
3104.733
3105.125
3191.663
3191.732
3191.944
3442.643
3477.036
3486.815
3589.333
3601.54
3598.192
4000.43
4167.1269999999995
4170.862999999999
4172.448
4256.566000000001
4260.638
4261.05
4491.107999999999
4519.393
4528.317
4642.317
4655.142
4657.589
5038.418
5229.94
5230.031999999999
5231.697999999999
5315.364
5316.252
5317.596
5533.143
5555.990000000001
5566.147
5680.174
5697.263999999999
5700.303
6073.509
6286.895
6288.344999999999
6290.278
6365.901
6367.938999999999
6373.331
6567.842
6594.624
6600.551
6713.105
6739.159
6740.804
7113.784
1321.699
1323.266
1325.612
1394.8890000000001
1405.669
1409.535
1577.25
1610.5100000000002
1616.726
1714.47
1747.451
1747.674
2113.357
2373.606
2374.8689999999997
2378.2909999999997
2434.738
2444.2200000000003
2446.7780000000002
2616.018
2651.3759999999997
2657.555
2748.9759999999997
2872.997
2878.011
3145.458
3433.7529999999997
3434.422
3437.387
3473.967
3490.908
3492.145
3655.214
3681.911
3689.569
3779.5
3905.865
3908.058
4182.418000000001
4488.833
4490.368
4494.152
4520.362
4539.759
4685.398
4716.691
4725.677
4808.808
4943.177000000001
4943.901000000001
5220.611
5538.456
5548.067
5551.019
5563.0199999999995
5574.262
4539.138999999999
5720.762
5745.8099999999995
5755.435
5834.5289999999995
5974.509
5974.338000000001
6254.022
6619.773999999999
6619.55
6630.173
6631.161999999999
6636.137
6656.321
6746.524
6778.107
6788.22
6863.199
7008.701
7009.746
1231.0
1651.815
1665.26
1680.617
1682.978
1689.3780000000002
1730.162
1765.9959999999999
1775.673
1850.848
2005.872
2010.773
2256.421
2715.019
2722.191
2742.438
2742.372
2753.788
1691.076
2763.673
2798.888
2809.433
2887.956
3051.447
3053.656
3296.536
3770.179
3776.862
3805.7349999999997
3805.6580000000004
3809.4719999999998
3817.543
3819.077
3842.739
3844.405
3915.629
4085.044
4084.518
4332.004000000001
4818.579
4822.68
4851.998
4870.909000000001
4876.016
4878.0650000000005
4893.061000000001
4896.872
4904.456999999999
4948.188
5117.066000000001
5118.664
5359.322999999999
5876.906
5883.002
5900.79
5945.233
5988.548
5990.805
6001.595
5998.77
6010.485
6160.898
6159.747
6390.782
6932.348
6957.3460000000005
6959.819
6989.312
7075.4929999999995
7081.708
7104.825
7116.407999999999
7122.275000000001
7228.879
7231.073
1394.531
1951.559
1977.272
1981.75
2002.5729999999999
2201.206
2204.741
2209.45
2219.848
2226.071
2251.446
2252.829
2428.352
2996.917
3022.297
3024.4559999999997
3048.223
3252.991
3259.511
3291.8050000000003
3310.858
3327.4590000000003
3329.6130000000003
3333.0350000000003
3458.8329999999996
4035.0469999999996
4057.5330000000004
4059.135
4081.551
4297.637
4321.253
4337.504
4377.830999999999
4378.617
4381.017
4481.150000000001
5070.299
5092.7210000000005
5093.885
5113.263
5331.608
5349.657999999999
5367.733
5424.655
5426.032
5429.946
5506.068
6106.21
6132.474
6134.448
6149.6230000000005
6369.063999999999
6394.466
6405.494
6471.046
6474.532
6478.6320000000005
6530.5689999999995
7149.17
7198.960999999999
7207.8769999999995
7212.539
1373.8799999999999
1397.341
1405.125
1483.9180000000001
1487.552
1489.731
1525.1840000000002
2168.812
2205.375
2217.863
2219.157
2418.6899999999996
2430.817
2439.491
2531.177
2534.563
2533.8250000000003
2551.193
3200.741
3246.727
3260.231
3260.942
3629.76
3639.257
3668.281
3687.988
3692.142
3692.399
3694.8759999999997
4267.803
4298.794
4309.488
4311.067999999999
4674.741
4674.523
4707.7429999999995
4734.689
4753.355
4755.248
4756.939
5321.377
5353.108
5359.847000000001
5366.325
5708.904
5714.638
5740.826
5770.353
5805.994
5806.738
5808.8949999999995
6362.801
6412.96
6417.531999999999
6420.629
6742.098
6752.472
6770.169
6803.214
6856.537
6857.898999999999
6858.574
1369.071
1430.415
1430.852
1433.405
1760.759
1772.157
1778.789
1805.0539999999999
1881.7140000000002
1881.663
1883.902
2402.55
2482.4519999999998
2483.4109999999996
2491.387
2805.478
2817.268
2822.149
2842.054
2938.975
2942.906
2945.366
3450.661
3546.668
3552.028
3552.722
3833.327
3863.99
3863.74
3879.108
3989.616
3992.067
3996.109
4484.829000000001
4594.344999999999
4609.295999999999
4610.9169999999995
4872.607999999999
4917.421
4920.231000000001
4931.425
5061.117
5065.263
5068.1630000000005
5523.022
5684.56
5683.3910000000005
5685.804
5904.929
5964.315
5968.903
5979.902
6110.2
6111.3
6116.593
6570.958
6741.985
6744.139999999999
6745.188
6933.972
7006.468
7009.8279999999995
7021.004
7169.475
7176.874
7179.307
1572.465
1763.488
1765.017
1765.6719999999998
1929.02
2012.9260000000002
2018.951
2038.08
2172.884
2185.146
2185.569
2605.01
2801.4429999999998
2810.956
2814.0480000000002
2959.112
3048.6209999999996
3052.106
3065.166
3214.201
3220.702
3223.605
3637.833
3844.332
3855.187
3856.3
3989.286
4107.762
4114.633000000001
4120.395
4271.817999999999
4290.195
4292.487999999999
4686.9
4903.825000000001
4906.252
4905.937
5023.159
5156.469999999999
5159.6320000000005
5163.574
5335.039
5334.706
5338.973
5731.830000000001
5962.026
5963.392
5963.208
6046.420999999999
6200.295999999999
6199.228
6202.822
6392.419
6392.997
6779.071
7004.031
7005.934
7007.101
7072.855
1217.8929999999998
1220.897
1221.183
1404.0040000000001
1405.693
1789.179
2023.7050000000002
2035.6999999999998
2037.141
2065.546
2259.734
2262.5829999999996
2262.863
2447.668
2449.493
2837.323
3071.93
3085.2369999999996
3085.62
3091.558
3310.4339999999997
3312.191
3315.875
3489.738
3492.8140000000003
3878.771
4105.813
4121.6410000000005
4126.094
4367.369
4373.701999999999
4376.781
4550.366999999999
4552.294
4926.4130000000005
5155.464
5159.458
5166.772
5431.530000000001
5440.875
5441.33
5596.298
5603.715
5972.224999999999
6202.539
6254.193
6256.371999999999
6491.438999999999
6497.243
6501.106
6640.869000000001
6643.618
7011.221
1217.6290000000001
1256.291
1256.2949999999998
1528.416
1532.1689999999999
1537.498
1646.925
1649.078
2011.3970000000002
2276.566
2343.027
2350.484
2582.882
2585.152
2585.269
2686.842
2689.536
3047.993
3330.9410000000003
3376.761
3385.047
3675.08
3677.1859999999997
3678.06
3723.73
3724.949
4095.434
4365.261
4409.041
4416.34
4730.509
4731.306
4731.946
4762.268
4762.123
5137.372
5391.147
5441.717
5450.013
5775.793000000001
5780.771
5783.64
5798.409000000001
5804.047
6184.672
6426.698
6485.629999999999
6487.119
6824.078
6833.308
6838.946
6842.647
6848.525000000001
7222.777
1410.204
1483.283
1483.536
1840.775
1847.299
1859.6109999999999
1872.7720000000002
1875.848
2226.1600000000003
2453.528
2521.625
2521.532
2882.345
2884.465
2906.596
2919.8559999999998
2919.681
3265.323
3482.498
3558.04
3559.213
3921.4829999999997
3923.3129999999996
3943.875
3954.404
3956.709
4303.672
4505.665
4591.866
4593.723
4964.876
4967.999
4985.843
4991.71
4997.089
5346.735
5528.731
5626.119
5627.709000000001
6014.894
6024.308
6050.486
6070.057000000001
6075.36
6386.756
6554.105
6674.812
6679.034
7103.468999999999
7134.139
7161.146
7161.921
1397.645
1552.8500000000001
1689.605
1690.3870000000002
2155.6839999999997
2161.819
2181.7419999999997
2183.06
2437.195
2586.868
2732.311
2733.541
3199.176
3205.691
3227.148
3227.919
3469.64
3614.833
3782.486
3784.084
4251.54
4260.8189999999995
4284.150000000001
4287.763
4500.2339999999995
4645.356
4826.175
4827.886
5303.823
5304.8330000000005
5328.54
5328.848
5543.106
5682.879
5873.946
5877.214
6378.9220000000005
6381.126
6391.308
6398.342000000001
6583.923000000001
6716.741
6917.451
6919.684
1402.644
1402.4460000000001
1412.819
1418.55
1586.2830000000001
1707.368
1923.144
1928.059
2450.628
2463.942
2467.457
2470.377
2614.808
2729.275
2970.888
2972.368
3501.49
3517.479
3522.6530000000002
3528.331
3650.69
3755.081
4013.389
4013.8489999999997
4556.87
4578.322
4579.489
4578.9130000000005
4685.015
4786.425
5066.764
5069.283
5628.294000000001
5643.375
5650.193
5652.845
5724.099
5808.372
6132.519
6132.1849999999995
6683.2339999999995
6696.807
6706.429
6707.353999999999
6757.334
6832.665000000001
7183.124000000001
7183.713
1710.1550000000002
1712.432
1719.31
1724.981
1746.7630000000001
1825.827
2191.735
2194.014
2778.2149999999997
2786.7259999999997
2789.7470000000003
2796.453
2800.16
2851.789
3241.187
3242.36
3855.197
3876.3920000000003
3884.097
3884.721
3888.677
3889.823
4285.25
4286.642
4914.4839999999995
4957.874000000001
4962.6630000000005
4967.193
4971.236
4973.035999999999
5324.5740000000005
5325.777999999999
5965.992
5989.665999999999
6003.375
6017.398
6020.739
6022.357999999999
6363.518
6364.032
7006.756
7037.669
7090.925
7113.3150000000005
7122.779
1364.088
1365.616
1999.4270000000001
2043.133
2082.656
2114.266
2122.461
2413.586
2416.38
3051.517
3081.712
3114.516
3152.886
3163.109
3471.889
3475.005
4174.944
4176.122
4181.831
4207.530000000001
4214.666
4527.148
4531.0779999999995
5220.224
5223.04
5224.383000000001
5272.137
5278.330999999999
5581.474
5581.11
6274.514
6278.829
6278.428
6305.0560000000005
6309.513
6622.618
6623.464
1283.254
1287.4470000000001
1289.29
1309.663
1312.9859999999999
1635.252
1637.353
2325.723
2344.468
2344.384
2365.1710000000003
2367.245
2690.1389999999997
2694.6780000000003
3367.444
3386.5099999999998
3386.522
3403.538
3404.652
3727.726
3728.299
4423.331
4443.723999999999
4447.459
4454.113
4457.264
4765.818
4766.246
5459.308
5516.152
5516.948
5517.012000000001
5521.415
5815.067
5817.184
6510.709000000001
6562.475
6566.861
6568.322
6571.025
6867.945
6867.68
1511.8
1582.122
1586.35
1587.374
1588.332
1878.039
1877.502
2546.502
2645.272
2654.0910000000003
2654.026
2656.699
2922.4649999999997
2922.562
3594.37
3706.753
3721.487
3724.595
3728.526
4020.428
4034.908
4635.4490000000005
4750.826
4777.144
4785.892
4791.991
5068.944
5086.05
5679.228
5800.24
5840.518
5855.791
5871.265
6119.781
6127.763
6725.605
6845.596
6918.046
6926.307000000001
6933.356
7172.1050000000005
7180.454
1733.8819999999998
1857.469
1930.919
1935.443
1940.299
2169.988
2180.301
2777.0609999999997
2894.6459999999997
2974.157
2986.0060000000003
2986.6259999999997
3205.177
3211.4539999999997
3834.915
3931.586
4015.4120000000003
4026.67
4029.688
4235.420999999999
4242.18
4875.905000000001
4959.206
5058.9310000000005
5067.598
5070.147000000001
5281.5019999999995
5283.664
5924.179
5993.178
6099.840999999999
6111.339
6116.1050000000005
6321.731
6324.277999999999
6969.043
7025.739
7146.12
7165.934
7170.561000000001
1328.001
1328.157
1979.588
2029.9589999999998
2148.6459999999997
2166.95
2174.5190000000002
2368.102
2369.169
3028.927
3058.487
3185.686
3202.1549999999997
3208.426
3401.719
3403.167
4059.33
4089.221
4214.210999999999
4234.702
4240.0960000000005
4439.243
4440.451999999999
5092.688
5121.233
5267.543
5291.929
5295.138
5514.29
6128.865
6153.88
6309.5689999999995
6336.792
6339.037
6557.609
7176.905
7198.241999999999
1319.955
1344.123
1349.8609999999999
1607.0420000000001
2187.96
2208.217
2357.241
2386.805
2390.879
2659.2709999999997
3220.328
3242.8050000000003
3393.019
3428.4750000000004
3429.964
3701.0040000000004
4284.112999999999
4292.611
4434.205000000001
4476.59
4479.396000000001
4740.595
5341.056
5343.617
5474.2119999999995
5518.705
5520.38
5783.616
6390.798
6391.893999999999
6617.473999999999
6624.9039999999995
6627.889999999999
6821.928
1385.1290000000001
1386.443
1613.792
1627.888
1631.767
1813.1170000000002
2436.75
2437.7870000000003
2664.501
2678.848
2680.4049999999997
2854.2709999999997
3477.513
3482.19
3716.3940000000002
3732.6130000000003
3732.054
3905.253
4524.818
4526.293
4752.283
4772.476000000001
4775.9130000000005
4945.674999999999
5580.768
5580.8910000000005
5787.514
5816.535
5817.866999999999
5975.277
6633.469
6633.27
6852.461
6864.4
6864.316
7014.548
1623.656
1624.8709999999999
1852.6290000000001
1854.0030000000002
1856.999
1992.6999999999998
2676.098
2677.48
2912.242
2915.735
2916.963
3029.848
3725.8399999999997
3726.431
3965.889
3968.028
3974.296
4064.731
4777.638
4779.224
5023.187
5027.182
5029.965
5099.0830000000005
5817.9980000000005
5819.239
6089.045999999999
6090.2570000000005
6090.682
6124.985
6856.821
6858.808
7135.195000000001
7157.644
7158.133000000001
7172.362
1863.957
1863.8809999999999
2136.0640000000003
2162.03
2165.354
2171.072
2919.353
2926.548
3173.833
3202.0780000000004
3217.2290000000003
3966.382
3975.953
4209.175
4243.527
4258.879
5019.929
5019.077
5246.795
5275.652
5293.3060000000005
6085.617
6447.935
6464.8820000000005
6467.794
7124.061000000001
1465.55
1478.01
1480.377
2127.9300000000003
2527.998
2540.128
2542.1710000000003
3179.036
3562.221
3587.802
3589.775
4223.512000000001
4612.509
4636.058
4637.731
5258.25
5662.563999999999
5684.955000000001
5687.816
6302.862
6736.114
6754.9039999999995
6755.513
1304.99
1752.0819999999999
1774.549
1775.074
2337.792
2806.038
2820.221
2819.956
3385.918
3869.372
3873.995
3875.0119999999997
4435.093
4927.642
4930.813
5613.345
6035.819
6048.4039999999995
6663.373
7125.148
7125.686
1650.857
2127.078
2127.324
2700.6009999999997
3177.794
3179.051
3753.3059999999996
4245.421
4250.512
4795.336
5304.055
5304.897000000001
5840.701
6357.156
6358.532
6896.4980000000005
1355.586
1355.4740000000002
1878.23
2405.73
2406.109
2925.194
3463.743
3466.6890000000003
3983.055
4522.1900000000005
4526.715
5049.978
5584.570000000001
5585.287
6098.254
6631.122
6633.3640000000005
7141.114
1632.051
2146.503
2682.326
3192.6420000000003
3735.8630000000003
4240.122
4769.237
5275.972000000001
5817.652
6312.284
6870.728
1301.462
1857.7079999999999
2349.8230000000003
2907.245
3383.018
3945.806
4429.158
4984.622
5490.052000000001
6034.63
6523.161
7091.726000000001
1529.282
2096.921
2573.871
3145.8970000000004
3608.451
4189.148999999999
4649.631
5699.583
6747.782
1752.8649999999998
2787.175
3835.2149999999997
4882.023
5930.335
6962.214999999999
1917.805
2964.0480000000002
4013.4299999999994
5059.498
6093.219
