2299.039
3342.999
4383.861
5426.744000000001
6469.03
6833.557
1470.8419999999999
1878.862
2510.8100000000004
3065.6259999999997
3562.8940000000002
4119.926
4618.147
5179.848
5663.929999999999
6234.301
6302.967
6729.809
7322.924000000001
7364.9259999999995
1745.068
2332.975
2369.4410000000003
2788.9
3368.229
3401.173
3830.1690000000003
4401.458
4433.27
4864.955
5070.621
5437.371
5468.8
5901.107
6110.189
6476.246
6503.247
6938.363
7152.648
1463.621
1490.4569999999999
1935.1970000000001
2145.292
2504.382
2536.4610000000002
2896.6980000000003
2973.024
3183.7110000000002
3554.0409999999997
3571.428
3942.5370000000003
4007.3420000000006
4222.603
4607.481
4609.419
4990.881
5036.05
5264.759
5652.583
5654.0470000000005
6022.353
6069.822
6307.870999999999
6706.375
6707.447
7051.835999999999
7103.025
1301.242
1718.755
1718.304
2050.1130000000003
2094.554
2349.953
2754.8309999999997
2754.825
3084.265
3124.5009999999997
3383.1150000000002
3804.5330000000004
3808.076
4125.672
4152.347
4429.735
4843.044
4844.027999999999
5169.878
5180.817
5473.320000000001
5893.443
5896.111
6204.443
6210.68
6508.568
6946.049
6946.452
7255.737
7262.95
1516.9189999999999
1953.2959999999998
1953.948
2261.4990000000003
2262.619
2562.384
3004.797
3006.176
3308.592
3311.8089999999997
3597.8210000000004
4052.2660000000005
4052.0889999999995
4355.139
4357.388
4627.562
5086.941000000001
5088.667
5406.634
5406.272999999999
5670.923
6137.28
6138.559
6448.921
6451.4490000000005
6707.156
7190.968
7192.907
1467.738
1468.815
1723.8
2213.201
2214.384
2517.6639999999998
2517.967
2771.2
3262.642
3264.191
3564.4010000000003
3565.464
3816.8869999999997
4305.7699999999995
4304.931
4614.285
4615.897999999999
4861.911
5361.367
5361.9490000000005
5666.9980000000005
5666.628000000001
5908.648999999999
6413.1939999999995
6414.6720000000005
6715.7390000000005
6717.254
6953.745
1398.604
1398.652
1705.278
1710.988
1934.84
2433.969
2435.551
2753.257
2753.265
2980.7290000000003
3485.674
3485.6600000000003
3803.457
3804.824
4020.1820000000002
4527.604
4536.0019999999995
4850.017
4850.763
5056.634
5579.017000000001
5580.686
5900.4580000000005
5902.46
6098.851
6627.628
6630.207
6948.017
6949.604
7132.615000000001
1644.566
1645.613
1971.566
1971.239
2136.4339999999997
2691.442
2693.803
3022.875
3022.868
3180.551
3742.016
3747.0699999999997
4091.72
4093.1749999999997
4226.525
4800.06
4801.174
5146.3330000000005
5147.98
5284.513
5843.213000000001
5844.255999999999
6186.977
6190.311000000001
6332.508
6890.005
6891.494
1184.1219999999998
1188.26
1323.342
1896.115
1896.215
2235.684
2234.889
2359.31
2935.254
2935.826
3279.074
3281.0299999999997
3435.342
3983.039
3984.411
4325.987999999999
4333.513
4478.152
5032.534
5033.840999999999
5357.539
5362.618
5506.55
6072.705
6073.093
6385.092000000001
6395.521
6538.302
7119.227000000001
7120.873
1384.77
1391.4569999999999
1539.3680000000002
2128.7110000000002
2129.187
2439.015
2441.8540000000003
2576.8300000000004
3172.183
3179.268
3483.7419999999997
3485.709
3613.9199999999996
4223.3640000000005
4224.69
4519.169
4521.6630000000005
4644.523999999999
5270.517
5271.034000000001
5558.063
5559.62
5674.299
6310.496999999999
6310.998
6598.531999999999
6601.311
6703.8460000000005
1297.167
1298.092
1590.072
1591.095
1676.4859999999999
2346.1
2346.01
2638.554
2640.991
2704.973
3392.1929999999998
3394.3089999999997
3671.2039999999997
3671.281
3735.29
4426.798
4428.545
4718.303
4718.766
4764.26
5479.027999999999
5478.846
5767.506
5767.96
5791.855
6528.2
6530.452
6824.289000000001
6823.684
6835.33
1507.658
1508.01
1818.581
1822.147
1825.715
2542.119
2542.89
2874.617
2876.4660000000003
2876.5679999999998
3575.2929999999997
3576.326
3927.48
3929.5
3931.0049999999997
4616.923
4617.132
4973.904
4977.416
4977.285
5665.941
5665.7570000000005
6036.01
6041.855
6044.9130000000005
6713.568
6716.326999999999
7101.763
7112.725
7114.343
1707.603
1709.619
2109.383
2123.3759999999997
2125.7999999999997
2757.189
2758.015
3169.565
3175.823
3178.779
3807.816
3808.1059999999998
4223.245000000001
4229.47
4230.326
4851.555
4851.92
5279.928
5281.217
5282.996
5899.4130000000005
5901.043
6337.028
6339.29
6342.734
6948.159000000001
6949.8
1333.6570000000002
1336.3590000000002
1337.8799999999999
1937.8249999999998
1938.917
2379.665
2383.684
2382.879
2987.198
2987.0570000000002
3434.364
3436.681
3437.2039999999997
4050.1259999999997
4055.1620000000003
4496.330999999999
4501.3189999999995
4502.364
5093.243
5094.974999999999
5544.451
5546.26
5545.601
6136.433
6137.102
6586.838
6588.361
6590.719
7187.722
7189.361
1604.5430000000001
1604.714
1607.509
2195.768
2197.2870000000003
2658.4500000000003
2660.411
2660.828
3238.824
3244.26
3720.625
3723.353
3723.6690000000003
4292.246999999999
4293.651
4774.3279999999995
4776.271000000001
4779.643
5343.394
5345.308
5826.302
5829.344
5833.093
6383.09
6382.673
6880.740000000001
6882.385
6884.065
1363.183
1363.376
1877.899
1879.001
1880.055
2416.4469999999997
2415.7799999999997
2933.86
2933.6760000000004
2939.2079999999996
3465.888
3465.991
3992.514
3994.22
3996.5480000000002
4516.826
4516.578
5057.0740000000005
5056.947
5063.595
5564.8099999999995
5566.572
6108.88
6111.312
6113.0019999999995
6600.172
6600.231
7178.562
7180.098
7183.098
1617.213
1620.598
2200.599
2201.866
2202.817
2674.166
2676.949
3257.018
3259.733
3264.627
3709.113
3711.5719999999997
4306.237
4308.484
4310.232
4750.92
4752.849999999999
5362.614
5365.134
5365.494
5798.254
5800.401
6427.49
6429.036
6430.011
6842.887
6848.888
1431.497
1436.304
1441.1560000000002
1844.073
1845.534
2496.415
2502.211
2503.467
2889.216
2889.196
3568.1349999999998
3575.32
3575.011
3942.9590000000003
3945.3010000000004
4628.927
4633.784000000001
4630.027
4979.384999999999
4981.455000000001
5690.288
5693.139999999999
5694.215
6034.684
6033.9980000000005
6751.429
6754.689
6756.088
7105.375
7111.0199999999995
1766.0610000000001
1773.904
1773.462
2102.903
2104.638
2828.9249999999997
2829.964
2833.3740000000003
3166.135
3165.112
3926.548
3928.55
3930.619
4221.972
4223.357
5040.388
5047.207
5054.159000000001
5270.601
5270.425
6175.994000000001
6216.276
6263.602
6332.371
6335.497
7356.875
7359.764
7403.096
7425.366
7429.898999999999
2373.697
2374.181
2400.815
2417.619
2418.181
3431.479
3431.4269999999997
3452.458
3460.5299999999997
3461.981
4516.036
4517.0070000000005
4535.6810000000005
4538.113
4542.313
5552.821
5556.618
5582.878
5587.557000000001
5589.436
6600.119000000001
6604.587
6636.057
6641.817
6644.611
1605.366
1606.7579999999998
1636.268
1642.396
1646.163
2652.596
2654.644
2689.132
2697.238
2697.1949999999997
3712.221
3713.076
3745.877
3751.0319999999997
3756.012
4766.726000000001
4767.125
4806.294
4811.45
4812.376
5809.713000000001
5810.729
5857.174
5859.425
5861.435
6859.672
6860.563
6901.847
6903.613
6908.378
1845.556
1846.6260000000002
1911.218
1912.425
1913.436
2897.027
2899.8309999999997
2963.431
2966.067
2966.549
3948.848
3947.551
4090.0769999999998
4106.573
4106.645
5001.178000000001
5001.793000000001
5132.485
5147.033
5148.67
6049.685
6050.624
6173.267
6183.594
6184.110000000001
7106.366
7107.361
7221.311
7234.839
7242.1939999999995
2108.358
2110.616
2187.059
2208.5910000000003
2210.885
3145.617
3146.1
3220.969
3252.191
3258.42
4274.48
4276.927
4279.182
4304.106
5346.692
5349.621
5352.7339999999995
5356.416
6409.866
6418.989
6422.18
6427.881
1422.3300000000002
1450.1029999999998
1451.238
1454.325
2473.7650000000003
2496.2650000000003
2502.865
3538.568
3551.6299999999997
3553.408
4581.951
4594.119
4594.433999999999
5636.002
5651.366
5651.809
6706.144
6714.273
6719.824
1715.729
1726.7250000000001
1728.156
2769.3430000000003
2775.5570000000002
2781.825
3829.944
3831.802
3838.167
4914.8189999999995
4913.464
4923.879999999999
5974.304
5984.165
7044.023
7044.3
2059.92
2061.169
3109.911
3112.241
4165.206
4166.187
5216.473
5220.34
6276.823
6276.155
1338.606
1340.349
2384.432
2387.8430000000003
3424.225
3423.928
4467.531
4468.9490000000005
5520.378
5522.447999999999
6569.116
6570.839
1577.087
1576.6039999999998
2643.127
2641.955
3690.622
3694.571
4733.648999999999
4734.832
5777.840999999999
6818.7
1806.575
2848.807
3881.402
4922.633
5974.54
7010.830999999999
2011.111
3056.656
4091.909
5150.261
6202.670999999999
7267.668
